Sample	G101	G102	G103	G104	G105	G108	G109	G110	G111	G112	G113	G114	G115	G116	G117	G118	G119	G120	G123	G126	G130	G132	G133	G134	G135	G136	G137	G138	G139	G140	G142	G143	G144	G301	G303	G304	G305	G306	G307	G308	G309	G310	G311	G312	G313	G314	G315	G317	G318	G319	G320	G322	G323	G324	G325	G327	G328	G332	G334	G335	G336	G337	G338	G340	G341	G342	G345	G347	G350	G352	G354	G357	G359	G360	G361	G362	G363	G365	G366	G367	G368	G370	G372	G373	G374	G375	G376	G379	G381	G382	G383	G384	G385	G387	G389	G390	G391	G392	G393	G394	G396	G397
1-MONOPALMITOYLGLYCEROL-2TMS   1  M/z371	7028	-1619	1272	-908	42	1471	-1911	1256	114	1267	327	86	661	1123	-490	667	271	-2396	1765	-676	-413	717	860	-515	-501	387	-1133	182	62	678	-265	-841	502	165	1166	-143	464	-465	255	2126	1018	5	-459	502	-1071	421	118	428	1140	79	-216	-331	-147	342	-448	-161	154	934	-258	609	-50	565	625	723	86	970	537	-88	1016	-146	-133	-868	-128	-272	701	-1723	-202	283	496	-1088	-434	-502	377	690	285	-75	-873	67	-416	74	973	-67	37	354	68	-70	544	839	575	647	429	-16
1-PALMITOYL-sn-GLYCERO-3-PHOSPHOCHOLINE-TMS derivative   1  M/z301	715	1649	-1585	2126	-3136	-2332	-3353	-1209	-2723	-1585	3180	2231	-4382	-1236	207	2121	1453	-3015	-1090	-5401	-373	1853	-1704	-3244	-971	-873	-1913	371	-9	2272	-52	-2253	969	-995	122	-375	177	-788	-226	1007	1194	458	-1237	1368	-2779	143	-3691	183	-897	-826	-2632	159	-2533	-8	-436	1564	1255	-1450	2408	1501	-376	1940	-1814	73	988	-483	-1992	454	1309	-1870	-2373	-37	-444	-572	2179	-1628	-624	-787	-269	-323	-172	-668	-130	-1027	14	-382	-2885	-3532	-1502	1099	-2537	-1663	670	-3681	-1469	-874	-1228	1621	-302	-88	-191	836
"2-AMINOBUTYRIC ACID, O,N-TMS   1  M/z130"	-16330	-3922	56725	-52546	-59990	-17191	-16904	-85805	-7694	-58696	-38124	65355	-39121	20363	-29242	5186	-24173	40929	-1746	-6781	-8944	-5023	-10067	27803	3452	-46359	-11147	35642	-36579	-15010	-36531	19550	-4374	47385	6578	10172	-20268	-41633	-6057	-830	2402	-39701	-8841	-24508	11055	-25130	9813	23289	16774	21605	-31866	-5865	-1211	-30456	8642	-15115	-37080	6639	13259	-39313	7434	-20399	15438	4150	10774	-11089	10289	-6322	-13548	-28775	-34647	-10965	-19075	27093	-52403	5409	38750	17985	-26570	-23499	39857	40941	6329	47538	4778	-4354	-20319	60422	-54172	-23913	-28182	-29292	24491	-52070	-40689	54099	46894	-61535	13717	6176	-4837	-39162
3-HYDROXYBUTYRIC ACID-2TMS   1  M/z204	6374	1041	2375	-628	-19739	733	-1146	-4809	-284	984	-492	5805	-9638	-975	6884	1718	-61	5540	2160	-4080	-422	-184	19	14814	1922	-21107	-1903	1251	3466	3131	1268	-211	-142	-1184	946	-40	3751	-4347	690	-91	-1190	-1044	-1666	-2552	-1111	-43606	349	2225	-6282	2611	-3591	849	3281	-3863	-138	-11402	9019	511	-381	-95	-739	1001	-15306	-619	1497	1135	3176	-10310	-293	-27446	-318	-914	-774	-3508	-2817	493	1986	-676	-38255	-2085	6672	10372	2558	2586	2311	2226	-24662	3414	843	5023	2	-4217	11772	1337	3693	1216	17404	6492	1360	816	-944	-1399
ACETAMINOPHEN-2TMS   1  M/z297	-111	498	-478	264	-361	458	-430	-531	-460	432	425	-164	432	126	-56	0	206	-452	0	349	99	88	67	-165	-91	126	683	353	-46	259	927	61	2134	53	-692	6770	-246	156	-274	0	-176	308	-254	-355	41	-97	-2493	-41	-141	593	-90	-454	254	0	120	-37	207	-151	169	0	0	0	-601	-118	-241	-227	113	-276	89	0	-409	-193	824	21	326	147	123	-364	1119	234	208	-902	-3437	-192	-29	-44	-282	-182	0	310	-246	262	199	7446	331	504	50	2388	126	1279	-18	-140
"ACONITIC ACID, trans-3TMS   1"	2528	672	6047	-1415	-2939	138	-1682	-2300	-824	14	-422	617	-336	-2194	816	1620	1653	1023	-3657	-2254	-239	800	-1919	-3466	2701	2737	-466	1747	-3704	-4230	1149	-1715	-3093	-1158	317	97	1030	1358	986	2256	738	850	-229	1469	2352	1007	3460	808	-892	135	-2025	-445	1388	-27	2099	5252	587	207	-3291	-1404	668	4328	-1742	-1566	2186	1603	-1059	-2514	2430	-2234	1428	1060	-1114	-1623	-514	-655	649	3496	2498	3895	2108	3675	1350	949	2258	-2373	-1781	-2483	1810	5489	-552	-527	1656	2440	-1520	3468	1421	-1730	3853	-8286	-1919	-763
ADENOSINE-5-MONOPHOSPHATE-5TMS   1  M/z230	161	-520	-204	56	669	279	170	100	165	-17	-125	20	349	-71	-189	-48	-273	-154	-612	95	-248	-34	-168	235	-46	-6	-416	243	-7	-161	-649	-103	341	73	-167	-667	113	-127	-646	30	28	-66	-321	-127	440	42	-142	41	220	208	-117	-145	-88	-64	117	464	34	-69	471	-219	31	-418	110	-41	-205	61	-211	-88	101	-640	-275	-23	-113	84	60	377	-85	102	43	-80	-71	-183	179	24	163	172	-178	117	5	-152	243	215	-29	257	618	178	65	28	125	-41	106	-40
"ALANINE-N,O-TMS   1  M/z192"	-6099	-1189	-3485	552	-6939	-599	8199	5467	-1008	-4462	-7932	4369	-124	299	-3857	2790	-2013	774	-1829	2341	71	-4820	1751	-1819	4705	2533	-645	19	-11405	-4771	521	1039	-1220	-5122	-4564	3939	2249	-3407	-127	-591	4478	6476	2689	7862	-2680	1115	2224	-533	1175	-3808	1115	-3806	-3362	2930	1025	7859	-4807	-6672	-4160	-1200	3232	-3093	3195	-3192	1275	4890	-2328	-221	-1859	-92	-2195	-6357	-3612	491	-3562	-4300	-1201	-1229	2046	-861	-3334	616	-3191	506	-11920	-1774	3814	1054	-6536	-10956	-1563	4195	-4089	-4244	-52	6354	1985	-5879	5854	-4728	6484	-4909
ALPHA-TOCOPHEROL-TMS   1  M/z504	743	-464	318	-1293	-1081	-990	-1304	-697	-995	-721	-192	1378	-368	-2080	-1095	-928	55	602	-1688	-3180	-641	880	-680	960	-1132	-1148	-823	-8	128	426	-139	-939	763	45	-359	434	-497	167	-848	-132	623	220	-293	-373	-304	403	-656	-405	10	-944	39	254	688	-346	410	-17	730	-2003	1410	-528	-697	-169	-436	1319	72	-691	-346	643	275	-3678	-1544	-34	-378	-461	284	226	-943	-148	-835	-584	-557	-102	-1016	312	71	-170	-1419	155	-1303	50	-830	-560	57	-568	-519	-573	-124	-573	-194	-121	-250	200
"ASPARAGINE,N,N,O-TMS   1  M/z231"	-73	157	1565	498	-3331	2494	-2221	1847	6426	-306	931	1541	-754	928	133	3080	-388	1882	318	1434	559	-744	5843	1652	14388	2003	-1918	1862	-13183	-7327	941	1651	-327	-433	-137	31	-231	-1343	1158	-1275	3681	3614	2273	1437	856	1818	3628	3785	-995	4535	-1060	-1962	-343	1450	478	6293	-5165	-2142	-524	804	4979	1387	1970	-1041	3316	2592	2018	1626	608	2143	-1018	-5293	-42	1545	2851	1128	-1141	-1948	1639	-2867	-1466	2610	314	1984	-1995	1157	4818	2467	-4001	-4095	-1183	431	-8669	-1173	111	3533	2306	-2314	2553	3298	10907	-2761
BENZOIC ACID-TMS   1	956	-1780	-24	-1028	-10157	3919	-3595	3417	1752	-3005	-1093	-4548	-840	381	395	-830	-706	-121	304	-1413	-364	-894	-2240	2460	-1626	-1895	-696	215	-2768	-437	-2462	-1081	-640	-470	323	438	4303	655	426	-644	203	136	2047	-418	1131	1741	76	1544	-882	243	450	-649	-190	397	-125	-2391	1180	2637	-2598	-400	-749	2012	-1318	1669	4117	-360	4581	-1392	487	-2968	1162	6346	878	666	-493	35	904	-1629	-1642	18	2877	2011	2405	-374	3037	-505	-1076	838	-2836	1036	-2143	-2864	-391	-6138	509	281	-1774	-1240	-186	-909	-2737	-662
"BETA-ALANINE, N,N,O-TMS   1  M/z304"	-515	-146	996	94	128	558	519	-301	145	0	171	1	-280	289	347	50	-279	-514	-376	101	-2	96	146	-40	409	-78	-553	328	123	13	689	137	211	302	0	0	217	-33	-392	172	68	-438	360	138	546	896	51	-451	162	481	-96	190	-48	-47	-70	231	-425	318	408	182	-83	19	-96	193	-35	77	-199	-55	154	1693	228	34	7	137	276	103	-458	90	437	-102	204	-253	-312	-143	129	-64	3	397	-240	-33	137	-280	47	170	-551	-26	274	275	453	-183	125	-398
"BETA-ALANINE,N,O-TMS   1  M/z218"	-696	354	2799	159	-162	247	389	-67	1641	639	97	443	126	510	49	-401	-74	-362	245	-671	168	2	-8	1325	3132	-199	674	-241	-176	-1808	31	-144	-18	2971	-358	22	-46	319	264	88	-67	-1	1494	-706	104	2787	559	205	90	-434	-423	723	-14	197	75	2706	6	2660	-325	-11	-428	386	-459	70	1643	466	604	427	156	650	-139	847	-7	326	1953	219	-396	312	423	73	-47	-46	47	214	-109	32	-403	-122	80	-142	124	323	-50	-72	540	-429	-209	54	1301	339	-69	-305
CELLOBIOSE-MEOX 8TMS_2   1  M/z361	487	-1701	-352	-1576	-433	-470	-1460	-2164	-2607	-1582	703	2797	-171	-957	-843	-947	-158	406	924	818	-604	-399	486	589	501	731	-46	-162	-777	-4637	-553	304	-1450	-219	1171	-1213	-698	831	4131	1459	716	-579	-2205	-10	410	-653	-9	-205	87	716	925	-1798	517	703	-726	615	-1678	-36	-975	-752	-454	103	739	-878	224	840	-1641	359	-569	-98	39	-559	-131	-1092	186	-2573	54	215	2911	-1070	-1028	-741	254	-82	-1167	251	-1173	-173	-783	-810	738	353	1707	-316	-396	-176	-139	391	1380	-255	-427	874
CHOLESTEROL-TMS   1  M/z247	-10307	10487	12297	16381	-20543	-11530	-16217	-9352	-18726	-5363	6052	1797	-4066	-22596	-19456	-11532	1491	-23563	746	-29667	-15435	6844	-2515	6343	-12287	-10770	-22875	-1287	1068	3125	-10216	-3830	-1226	7027	4950	-10622	-25542	-1639	-22636	15800	884	10207	-6666	-12987	-20496	8573	16617	-937	-12747	-20843	9250	-3852	2283	-35255	1565	1608	8937	-14480	4290	-2802	722	5055	-17268	4483	1890	-8937	1812	-5072	5618	-47032	-9857	200	-1056	-4002	-8814	-17391	2642	-13469	-6020	2709	-10169	-2686	-5619	-8608	-4959	-1126	-5414	-11	-4769	-12342	-14919	-5507	-5240	-8775	-323	-1743	-1502	-1564	-7466	-1881	2540	-17899
CITRIC ACID-4TMS   1  M/z465	657	707	2083	-1022	-3486	504	-1044	-5079	-638	-984	-428	7135	-2786	1659	-5455	358	-1517	464	-4496	-375	-1000	-699	2739	-5579	-891	3643	-916	-69	-2021	-266	-181	-2313	-1051	-2005	1521	356	3581	-3567	-825	2007	849	-339	768	2241	-2756	-213	1618	-41	1038	6638	-2574	-2451	-3853	-196	-4403	3413	1564	3246	-1135	-1045	-616	1498	103	-1389	1554	-2150	1441	-488	1314	-2144	-3416	2079	-3514	-3844	2199	-1372	1407	-546	-84	-652	751	70	-1737	-156	-1400	-791	-3590	-1056	-1325	-2641	1335	-454	12	1850	-2157	5023	3149	-4316	1106	1086	267	-3231
CITRULLINE-3TMS_1 (Ornthine)   1	36105	-8366	-11978	42634	-50403	24368	18618	10195	123619	-18234	21685	25444	-29235	17852	19908	44618	-11166	38820	13445	16063	15906	29931	80180	22653	447204	-14963	-21130	37044	-263910	-93495	6745	69186	27950	127314	7140	-6389	-38820	-31552	13570	-24990	19989	39838	39032	-4019	21112	89497	30937	39747	-7482	-13064	-11343	-16332	96359	24929	23732	78995	-89641	-37875	-32663	13089	27767	24176	-5232	5028	12695	45447	24949	28806	16954	86335	6739	8988	12505	34826	50501	1681	-14436	2720	5195	-41310	-34149	65506	-9409	44273	9328	19938	75619	46039	-225069	9381	-10967	7296	-40043	19179	-2027	14541	15686	1600	27667	-15533	89222	-22598
CREATININE-3TMS   1  M/z329	-2303	1810	358	443	429	1400	1773	-3740	3067	2011	-656	-2316	-1063	4194	-4582	-2170	40	1465	-2519	-6586	1466	-1293	-1282	3117	10543	-2585	-3895	-7594	-6655	-17344	5288	-3348	228	2291	1132	-3899	-508	4631	7241	2866	6403	-1556	594	-5748	8120	9277	2385	-2860	-3294	4661	-7735	1823	5056	1312	2474	17	-4797	2733	-6388	-3874	5040	1733	-251	-199	13278	1511	9185	4636	1219	7749	-856	3286	4051	-1871	-893	213	1823	3132	-3225	1123	6279	941	1346	3075	-783	-1725	-3290	5596	-5074	-677	-1783	1493	2492	-4104	-7897	119	285	-264	4208	-3467	3163	-56
"CYSTEINE,N,O,S-TMS   1  M/z218"	-4122	-3185	-2297	1469	-22241	-1238	9957	-2225	18286	-954	-1442	-420	-4498	-6953	-6949	6217	-2597	5525	-5005	8008	-8188	-6920	10601	10594	16532	3600	-7302	-7281	-26384	-10372	14321	4104	-433	3295	1357	-3484	4915	-5158	2017	-7108	12432	2206	6390	-20	-765	12659	-4569	-1431	-693	-1727	-2840	-6008	-2905	239	7799	-1173	-10649	-6417	-17780	3448	-1114	2913	6274	-1284	10636	2918	14873	1317	-2993	-8905	2688	12527	-3361	5436	27043	-1955	2912	-3103	-9251	-1956	10045	7752	15470	-1330	-16482	1025	-2778	16569	-20192	-4158	-21193	1211	5411	-4754	-6972	2015	393	-12602	-1646	6321	3300	858
"CYSTINE,N,N,O,O-TMS   1  M/z297"	-271	1247	-816	524	-2658	-3	-236	461	659	-254	-130	433	-674	-475	-3	540	-859	273	1230	1230	-767	-451	-20	1181	1517	-468	-1679	275	-871	-1189	-212	433	349	649	121	27	-438	278	-189	979	545	70	420	-489	-742	-1314	-152	761	96	-366	543	-481	-922	595	282	23	-469	-686	-53	-478	355	-91	-442	489	-505	697	-174	115	601	-346	-896	-383	-115	320	-604	-74	555	-199	-1165	595	565	660	203	502	152	-502	429	441	-1016	-87	-324	236	539	-476	194	406	372	1440	-268	307	-208	-425
DODECANOIC  ACID-TMS   1  M/z257	3701	5342	-381	-922	-2562	450	-378	-2394	-7076	-814	-1652	659	2216	-304	164	-852	231	-986	2878	-1329	-79	3209	4636	4989	-96	-2534	-1258	-20	7693	4359	1267	415	281	-1081	-548	-2256	2371	-1451	4	-67	1327	-667	436	3143	-1997	-3833	217	10472	-2699	1156	-1397	-101	1204	1149	285	-1066	4028	615	-2332	2581	-1629	-1156	-3166	-321	-950	-976	1879	-1401	-1896	-1038	3158	-122	-919	-10755	9210	-2346	1504	207	-2309	-1737	-588	-132	-949	671	878	-1306	-1397	1909	28553	-2126	1133	-780	305	-628	5283	-432	8125	11060	-377	482	-7240	-648
ERYTHRITOL-4TMS   1  M/z277	76	381	-549	437	-279	-350	226	-388	-252	50	193	-532	301	-62	-1	-21	-262	263	162	-515	-68	223	51	41	421	61	254	-140	-56	246	91	-223	-1618	194	107	248	154	190	-315	288	-117	398	86	43	-337	33	-93	-206	-741	375	-260	-69	260	-303	-14	-341	248	-223	-221	607	-588	-224	68	44	134	49	51	127	144	-122	-245	-65	8	60	-34	-8	-1685	-320	-803	-12	-172	198	103	296	-33	-371	-208	27	135	-443	55	225	-199	561	11	-77	-27	-93	-12870	-208	258	18
FRUCTOSE-MEOX 5TMS_1   1  M/z366	-31	444	107	104	205	177	4102	-33	-123	748	-2823	296	-423	205	-4140	2183	199	-4916	-2878	-483	423	-2649	-192	-4428	-32	-1038	9997	335	-798	171	-535	-201	2063	-1031	414	477	110	-31	272	87	129	1107	-711	224	-4588	-296	632	-1569	1766	983	2300	-113	457	-378	-3182	123	480	-440	3326	3453	192	-852	1633	-1359	-993	196	-303	135	421	-69	646	2052	99	413	-110	246	393	-75	-236	2771	188	-94	-3767	516	-2299	-268	31	385	161	-1097	-72	2410	174	-53	276	1294	329	-40	2168	3114	1251	-932
FUMARIC ACID-2TMS   1  M/z246	923	519	496	-16	-167	-636	14	-472	-385	-817	94	1246	84	198	236	1296	59	593	503	-626	-226	-150	615	145	-1071	-296	496	203	-760	1307	-515	105	-275	-469	-16	384	9	-1434	-884	-1361	-853	467	231	813	-865	-1305	-21	1112	1059	-82	1065	-942	-1143	131	-761	-163	343	-597	1006	300	-1344	5	-188	-509	-911	309	387	-827	-330	-840	183	255	-652	-463	284	312	-184	-738	978	-2140	-647	436	-73	-427	59	233	862	40	-191	569	210	-79	-1128	-82	-270	253	-23	-260	265	1372	165	-384
GALACTURONIC ACID-MEOX 5TMS_2   1  M/z334	105	-176	-432	-27	-268	459	406	464	133	146	-642	399	216	-885	-1098	-415	-222	-1141	662	-1420	243	-584	-40	90	-245	1660	218	111	-778	-403	-21	-444	612	-52	317	702	683	-58	147	-396	-110	191	112	78	-170	1	333	1100	354	-756	383	-165	68	-519	266	117	99	-627	-191	175	-155	-17	-438	-47	-494	1217	-401	-17	-1	53	-96	2	110	183	533	-228	-1044	681	-934	-297	202	242	-266	903	-372	-379	-88	-82	577	-70	-112	1	-6	485	-98.9	53	-98	-119	344	88	-280	-482
GAMMA-TOCOPHEROL-TMS   1	-1739	2811	-353	-8887	1469	-1752	4636	2369	-2411	325	-347	6010	-4763	415	-487	782	-534	2379	410	-2763	781	-938	-1559	2168	-336	-5694	268	-391	542	1970	969	-2012	-1062	411	-1393	-1343	4916	-1637	-379	4487	1130	33	670	-552	-1170	-993	-450	-1924	-1629	-1591	399	79	-400	-1889	-2044	-1296	662	-225	-538	1563	-1172	2508	186	-1239	52	-1767	-1978	-4	-2048	-1622	14	-2217	-514	2341	672	-3633	1171	-863	-950	-2996	170	1324	294	-938	84	262	1164	-809	1217	-236	1886	508	143	-1363	-129	373	-475	-1359	2066	2074	-1446	-1918
GLUCURONIC ACID-MEOX 5TMS_2   1  M/z334	111	-182	-431	-30	-265	461	406	459	148	148	-642	383	218	-899	-1097	-415	-214	-1152	657	-1398	226	-580	-39	97	-245	1658	224	121	-783	-406	-12	-438	598	-49	310	705	680	-59	140	-393	-106	192	115	79	-176	-4	325	1104	350	-758	382	-165	66	-519	266	115	101	-627	-193	175	-150	-17	-457	-47	-493	1225	-411	-16	-3	54	-91	0	105	177	530	-227	-1037	686	-941	-295	200	247	-260	908	-372	-380	-86	-75	577	-71	-111	5	-8	485	-96	54	-100	-122	347	88	-281	-474
"GLUTAMINE,N,N,O-TMS_1   1  M/z347"	2273	378	350	1295	-4304	262	442	-6948	-152	-437	1136	7552	-3086	668	3895	170	1018	1411	-209	1931	-297	648	-792	1135	4476	-5163	-1491	1067	10352	314	231	194	892	-1632	105	-1001	-1450	248	767	1229	1202	314	1345	1010	-665	-885	-477	-619	-562	-58	-27	97	-628	1573	4311	2625	-1506	-2525	553	1336	1373	41	133	-277	1277	855	-49	2068	830	-780	-1253	133	1435	-408	738	978	-687	-1038	2042	2713	56	1389	-297	4263	-2339	-555	2707	613	1294	-1814	-1500	-644	-78	1380	-135	983	1875	4503	-1312	-94	-485	-367
GLYCERIC ACID-3TMS   1  M/z307	-927	1052	-1047	-115	445	16	-671	-378	254	-79	-981	850	-206	-585	-827	-193	-625	189	-103	-207	154	614	47	422	-50	-742	122	833	264	-716	-956	-71	591	213	-436	192	212	749	811	303	-1818	718	-442	-598	-936	-613	359	367	86	-558	-142	-755	686	23	-616	262	998	-37	500	221	-399	-1	216	-212	151	278	439	182	-53	-234	-677	349	-565	-604	566	-379	-443	1084	1336	655	-224	-62	170	-73	4	-364	1155	-56	109	179	420	-58	66	6	-427	320	537	237	431	-21	1059	-413
"GLYCINE,N,N,O-TMS   1  M/z246"	-3514	-1483	-987	-816	924	-1088	187	-305	1608	2202	-3441	-2568	-568	-1818	1287	-1202	-1369	-371	1849	1986	909	-452	2216	1781	3653	-1270	-2926	431	-1444	-2075	687	2508	835	446	-529	1321	294	-1608	960	-620	1559	2958	-87	865	1394	-604	872	686	-1036	-2334	175	-2532	-7022	1882	1152	1548	-683	-817	-1432	558	-842	777	3563	-1038	-158	1170	-492	1538	1532	-44	-685	-1621	1088	1405	-1037	1365	140	843	14	-5033	-114	2641	-673	831	-4820	-428	1168	852	-3274	-2894	337	9	-845	-911	-2689	2085	979	-1616	817	-1017	1585	-493
HEPTADECANOIC ACID-TMS   1  M/z132	1538	1590	-426	-2693	-2368	433	238	-209	-903	470	-376	1344	1042	-640	-552	366	223	854	1520	-462	788	348	2965	4484	-294	-1311	107	867	3371	2725	942	-442	27	397	406	-1396	1123	-571	-518	-261	-258	-254	257	262	-803	-4008	-584	1118	-1742	-840	-333	-847	1715	-1204	389	-1102	2534	-634	-1914	-470	-312	98	-2407	599	-322	-430	2376	-1351	-164	-1370	599	296	-794	-1960	1068	850	1145	284	-2670	-1150	1254	-647	2210	1472	487	-460	-1803	1716	307	520	363	-1100	767	-306	2935	-62	2373	5158	387	-25	-2133	-619
HEXADECANOIC ACID-TMS   1  M/z171	12350	8563	721	-7851	-10245	2627	-648	-1383	-3340	976	-2816	13701	11404	-7702	-1014	-208	2549	8870	9808	-6440	-2164	3083	5548	13677	-2490	-6405	-1140	2473	9476	9015	5571	-1244	-1359	2310	3005	-5415	9770	-5426	-2685	903	243	-3693	1209	1749	-4868	-21945	-2162	5801	-8065	-3363	-4055	-725	10440	346	1822	-6822	9458	-160	-9256	-539	-641	3329	-15769	2992	-774	49	9001	-6884	-5281	-12264	4287	871	-1591	-7429	3188	6703	4755	2967	-18049	-5298	2469	-5440	3827	1215	3265	-2183	-7317	2824	1794	1181	-1197	-5686	6842	-1916	18935	167	18166	11562	1119	1848	-6427	-7095
HYPOXANTHINE-2TMS   1  M/z282	3964	427	-2682	340	-923	-901	-1890	-582	-984	-852	804	3790	-644	-2085	702	1577	-441	341	-248	469	415	-522	-122	162	-163	-482	-311	594	4867	-206	-353	128	-580	-1348	-691	-802	753	139	1710	-1057	332	-63	-1106	419	-365	-172	-335	-991	-562	486	-750	-207	1201	-1289	-362	-954	-603	-155	-36	-768	-341	144	826	516	4449	-913	1955	771	-452	-631	-808	-1293	-862	-350	-510	218	230	146	5905	-591	114	-767	-179	477	-334	2814	478	-4	-822	271	-241	144	194	-1400	15	-253	-435	-289	4888	-186	256	314
INOSINE-4TMS   1  M/z217	36159	-1338	-10071	-3544	-3144	-6053	-2934	-2641	-4094	-3242	3633	63446	-1499	-7960	5970	7905	-1834	1812	-512	2141	-928	-388	413	359	127	-1803	-1305	2550	160251	-902	-1128	-507	-1397	-2111	-1898	-3720	3125	-500	463	-2438	3792	1114	-4583	362	371	-2340	-1147	-4517	-5022	501	-2489	-1710	1826	-9142	-173	-4300	-817	-320	-1254	-2547	499	-1636	265	-1061	85422	-9273	46017	-5485	211	-3352	806	-18667	-802	-1706	-2336	539	-914	-645	21408	1391	1139	-1075	38	-1802	-1400	61866	7114	997	-2286	-704	-636	5702	-340	-10393	1118	-2298	-2168	-853	45066	-320	-3134	987
"INOSITOL, scyllo-6TMS   1  M/z432"	-5323	207	505	-1622	-2411	-2414	2394	3206	670	100	856	-302	3763	2503	1617	-2023	604	324	586	1955	-1003	-650	-322	621	948	-1023	-1399	-60	-2043	1376	-2065	-1093	426	1197	-968	2800	1017	2590	1059	-4125	960	2736	-1009	-425	-2071	-1617	45	-43	116	646	-2123	1709	-272	2235	723	1454	-387	219	-984	2026	-323	687	136	-201	3221	-35	4584	11	2307	-2394	-984	791	-2442	-950	-1380	-2814	-31	-798	1770	3591	844	1376	-545	83	2485	-4421	-85	887	1786	-35	1164	-1546	949	-326	-1312	1478	-2146	-542	47	-782	1550	-1717
ISOCITRIC ACID-4TMS   1  M/z466	286	452	1014	-772	-2289	-55	-393	-2677	-1206	-969	258	5584	-1585	560	-3567	337	-143	419	-2799	-196	-827	152	1234	-2913	-183	1776	-186	-500	-1026	-191	-124	-1837	-366	-1225	1013	-427	1573	-2000	-1048	912	442	-267	-826	1101	-1636	-263	1324	-247	10	3809	-1358	-1548	-1379	365	-2315	1787	644	2461	-622	-655	208	855	322	-994	726	-42	613	-666	149	-1472	-1817	1119	-1489	-2277	764	-830	755	-364	-418	-143	469	294	-977	54	-753	-163	-2150	-242	-590	-1243	853	-388	-45	1163	-906	2876	1586	-2097	737	548	-101	-2224
ISOERYTHRITOL-4TMS   1  M/z277	75	374	-547	436	-281	-347	226	-388	-252	47	188	-528	299	-57	-3	-18	-263	261	160	-518	-62	226	51	40	420	61	258	-139	-56	245	90	-223	-1618	194	108	249	155	187	-315	290	-117	397	87	43	-335	27	-88	-205	-746	378	-258	-67	262	-302	-12	-342	246	-221	-220	608	-585	-221	73	45	134	49	53	126	145	-124	-244	-63	8	60	-37	-9	-1690	-320	-806	-17	-171	196	106	301	-33	-374	-203	31	136	-444	56	224	-198	563	11	-79	-30	-95	-12858	-208	257	20
"ISOLEUCINE, N,O-TMS   1  M/z233"	-385	-364	3079	-809	2594	266	1213	-2852	6276	131	-22	1687	-32	317	-237	1939	-564	4003	1485	-1333	142	-1097	589	5539	11116	1188	-2288	-82	-6367	-6116	1670	-2826	-4298	6273	1886	191	-1964	-770	356	150	-669	4446	5214	3660	2625	8467	5748	4224	-368	1482	-1231	254	-870	-2702	-2358	3366	-1593	499	1754	3083	2799	3274	981	-1034	3847	2648	909	2282	3056	11527	3228	-4375	848	2397	-2847	-695	-5492	-1018	126	-1161	-1484	3619	3708	678	2662	3491	4277	1696	-914	-2809	-2792	4069	-4845	-405	-3483	2910	525	-2218	7256	3113	3665	443
LACTOSE-MEOX 8TMS_1   1  M/z204	-2147	-756	-550	432	-128	785	-136	25	-186	-747	1483	8	-2194	510	-193	435	-468	390	536	31	959	-30	-217	-137	74	-809	-300	-398	484	-1828	-287	-880	600	-207	32	-320	-41	794	255	1074	28	-3245	-98	864	-133	-415	-60	267	-475	315	896	140	-907	102	-331	349	363	-31	1098	696	-366	-546	-416	-2400	-435	661	323	285	-162	-142	-65	250	-254	168	79	-474	-585	-1505	550	514	-488	-263	262	828	244	-699	1636	10	280	-781	-510	775	61	-141	1616	-186	22	600	-146	-186	439	-237
LAMINARIBIOSE-MEOX  8TMS_2   1  M/z361	3	-760	-401	-60	-301	-169	-8	-986	-112	-24	-98	116	-291	-216	360	-200	-111	411	44	-230	-197	-224	47	-84	-331	401	-68	40	-268	-843	-235	-70	-92	-254	285	72	-202	-209	1076	176	72	-428	-216	55	178	65	-109	-415	-194	-227	516	-759	-311	540	-111	-171	-338	-263	-976	-206	-642	214	92	-162	-65	441	-445	-797	-258	640	-500	-311	-54	-152	116	-784	-105	-216	570	-393	-153	-422	183	-237	-783	-87	25	154	-189	-88	381	50	518	-143	-122	-161	-372	102	151	88	17	-400
LAMINARIBIOSE-MEOX 8TMS_1   1  M/z217	-1937	-944	-270	-2566	-260	52	-1075	-1423	-2438	-1944	-276	2153	-41	-585	-1557	-238	-226	328	1075	591	-786	-493	1334	782	942	1759	-1390	-51	-1252	-4625	-762	170	-276	-148	1247	-1087	-532	878	4904	924	543	-1668	-1801	-241	910	-161	285	-226	-9	-466	996	-330	608	402	-530	961	-1856	-287	-913	-1022	1495	-107	1095	-905	-470	926	-1607	-462	-195	398	389	-472	-364	-431	1058	-1431	-1654	860	1761	-617	-990	-595	111	-17	-384	181	-947	30	135	-1166	1065	418	1455	-190	-813	-11	-118	732	1549	-254	-1267	146
"LEUCINE, N,O-TMS   1  M/z158"	51910	-5314	95020	-54016	28817	91993	160784	-178026	478515	-109339	-226431	373683	-96726	-18700	-77243	202792	-99443	256129	168125	-28286	82676	-35189	34831	210772	478282	82766	47448	108538	-320773	-284083	128031	-46259	-350097	214997	121552	45529	-94574	20323	97675	-65835	28218	133623	347942	146417	86966	418161	328872	397734	-36295	255204	-4470	-31485	-136285	-134285	-137930	192961	-35864	-95068	-16536	62937	157575	249449	60595	-65640	155236	206388	-12041	49886	196198	769888	195983	-175750	72486	196294	-112906	5707	-262959	6963	161969	-96980	-6935	162273	226218	-80170	-9011	381965	199273	72501	-102760	-198062	-109851	234026	-261733	6177	-164465	236977	21538	-169966	250035	95911	181452	80764
"LYSINE,N,N,N,O-TMS_2   1"	-75090	210880	996224	99581	-53644	-235766	-268367	-403779	602081	-228761	82951	-111756	-234084	611466	405034	551560	-143241	259962	-7583	-309997	156142	57495	326900	635633	968699	-103127	-487018	388711	203783	-847801	-243862	-67185	-417372	845942	223887	-31263	-322153	-41940	61902	-68376	314575	106342	402975	154268	296933	502824	506103	558878	-176177	749573	-228757	-647377	-686980	312347	-324092	546672	-327936	830833	3259	-187949	479005	481770	-197546	38889	86257	279061	-47411	282976	607461	660902	-82320	-255304	79446	472903	-229744	207033	-338434	90065	11556	-325225	-83739	483687	439279	196414	275491	639707	846321	323225	-290102	-555752	-207112	192757	-584192	-134253	-372720	486528	-82697	-254833	291674	-66586	453319	-180369
"LYSINE,N,N,O-TMS_1   1  M/z102"	-148	-117	295	1160	-3926	1281	184	-578	2516	-210	63	632	229	386	-5	1162	-224	180	-64	2099	874	917	1500	931	2065	-55	-276	1968	-28059	-2123	469	2644	-27	582	-2022	-1208	-2606	-4	121	-1713	743	180	1326	-83	111	946	-378	-303	495	-120	45	108	15727	1510	-222	8401	-8191	-3794	-2010	160	2869	515	-875	386	1555	688	336	14	675	787	-913	-820	468	789	6064	618	11	-318	851	-336	-1079	184	56	637	352	503	4738	701	-35432	90	-1833	477	-9501	-931	-336	640	456	1119	242	-229	4240	-477
"LYSINE,N,N,O-TMS_3   1"	-1662	-198	3443	-2333	-1738	-1416	-1947	523	5100	-527	1972	4198	-1152	-1570	-3783	1314	-2548	136	2233	-448	2179	-1071	-3698	3063	19090	2113	1556	922	8250	-3367	2091	-3459	2078	24016	453	1764	-1652	-516	2657	-2518	1293	2728	87	633	674	6787	4886	3505	-1220	4625	974	-2577	-2283	2273	-1664	2068	-1559	268	-3339	-832	3044	1934	-1689	-399	2787	5473	1837	2805	16	7095	-698	-4852	-144	969	524	469	-5664	2736	900	-3597	281	262	1219	6208	-609	-90	1303	3150	476	-9962	-739	825	-6044	-1010	316	2005	-1016	-6924	13849	12586	1776	588
LYXOSE-MEOX 4TMS_1   1  M/z104	7529	-221	-711	79	900	154	-2146	1726	-78	141	240	-468	276	99	-257	-161	34	-634	-252	39	-242	76	295	-416	106	55	-79	311	-318	-94	-4820	-22	243	-529	-45	4341	-10	-532	100	37	-2263	-81	140	-127	185	-34	916	-2554	369	21	91	-236	-266	86	-1995	651	-218	175	-10	1101	-336	-1012	-162	-1579	-78	165	989	113	71	-172	-1585	66	-228	-226	1754	279	113	-120	45	349	-1960	-74	-7157	260	122	-369	-244	1398	2348	-291	-177	14	-68	7	-26	-430	116	-326	-1870	-158	-1981	-920
MALIC ACID-3TMS   1  M/z245	284	35	855	-728	-552	-456	-745	-581	-316	-305	-151	2933	401	68	-1195	567	49	634	-336	-753	581	-425	-266	-1381	776	534	840	-27	-1161	-216	658	103	-270	-612	685	-730	351	-225	-112	160	466	182	336	437	-505	-178	-62	-160	180	-28	158	-58	-138	-26	-258	384	-24	-435	-238	1048	-855	312	129	-287	865	-284	388	144	-56	-298	-41	300	-339	-699	802	-228	543	-479	890	-136	82	-805	-494	85	-951	-312	-168	32	718	-29	-166	633	-178	149	-319	703	311	-793	1311	812	602	-131
MALTOSE-MEOX 8TMS_1   1  M/z361	-953	-1925	-183	-1531	348	-786	-1423	-1806	-2100	-782	1336	2522	42	-1270	-1326	-943	-181	954	421	1015	-299	-490	582	282	414	1028	62	-4	-720	-4567	-266	48	-1324	-478	1467	-1222	-290	586	3909	1760	713	-84	-2238	-248	273	-234	-534	-16	-328	329	162	-1485	474	209	-648	391	-1658	266	-962	-963	-437	-147	806	-608	127	1044	-1672	63	-343	544	474	-446	-651	-735	-11	-2284	-335	465	3141	-937	-1305	-757	826	120	-710	189	-440	342	-822	-283	1167	444	1605	-270	-808	172	27	17	1395	-155	-197	1296
METHYL HISTIDINE-2TMS   1  M/z168	-241	0	6046	-337	-27	0	-367	654	10715	37	-1222	4301	-3928	743	1040	-2631	37	663	350	-492	-1118	0	-276	251	11449	-1967	-33	-119	122	-1102	-1134	2267	622	18679	-156	977	-2309	-327	-4094	-801	-242	96	4388	-321	-56	12271	3492	-490	186	2161	-1948	387	336	-370	191	2074	1420	4576	-126	-141	-361	1527	-89	242	5597	-122	961	1030	-1242	8890	-3293	2512	-491	-703	9258	0	-1152	-60	0	9	-994	533	1646	1118	0	-647	1563	555	-2935	93	216	1644	-2653	-3061	262	-407	-28	-1610	10771	3338	-1739	-68
"N-ACETYL GLUCOSAMINE-MEOX N,O,O,O,O-TMS_2   1  M/z159"	-1102	359	972	-375	-1282	-642	-193	-82	-569	-157	378	194	201	713	313	-435	-437	32	-660	985	-317	413	483	611	-250	-193	-515	548	-168	-1768	-652	-466	-639	247	-7	510	600	628	66	-514	419	992	-651	-299	74	-101	-153	155	-630	-337	277	764	85	634	183	-153	-36	-458	40	488	-603	302	-609	-64	266	-40	1639	-200	409	-1864	-595	482	-975	-483	-316	-1411	-1086	-678	37	1483	695	230	-144	385	1172	-895	-260	-245	1063	-168	885	-579	630	242	-84	502	-543	-273	624	-1452	-107	-235
NAPROXEN-TMS   1  M/z303	-287	-71	119	-258	-127	-174	-252	281	-130	226	-14	199	285	-81	-27	-130	5	-34	105	260	-87	-260	112	-149	211	77	-108	-48	24	-29258	155	-241	200	130	-229	257	474	-122	253	-238	49	279	-313	524	-140	-77	224	-244	-109	56	-445	207	-141	148	47	-26	-181	1845	127	202	98	-221	-88	-28	87	82	536	-189	-73	-277	-439	150	-201	-27	-203	-138	-155	-38	-220	241	115	27	155	75	183	-351	-622	-128	131	-42	98	140	64	198	-182	107	23	-60	-8	-177	164	44
NIGEROSE-MEOX  8TMS_2   1  M/z361	122	-270	-423	-237	-412	-437	-405	-768	-194	-248	92	102	465	-15	200	-245	-286	730	-13	13	-324	-236	56	429	-302	474	-183	99	-476	-809	-291	-133	-464	-23	428	23	-175	-249	1107	346	42	-414	-197	-92	169	100	-143	-481	-136	13	494	-997	-320	777	-530	-188	-689	-150	-877	-177	-744	328	39	43	9	375	-381	-129	-677	583	25	-109	17	-458	248	-787	-38	-264	872	-434	-84	-397	208	-126	-707	-4	26	20	-94	-72	437	265	496	-252	-581	-235	-441	174	204	168	69	-488
"OCTADECADIENOIC ACID, 9,12-(Z,Z)-TMS   1  M/z337"	10687	4412	2188	-9414	-7095	-3060	-2368	180	-1683	4619	281	22985	10562	-10185	-2190	1118	2901	6763	5579	-269	-4626	4467	5683	13728	-3379	-7175	-1226	4658	13974	6432	9306	-2185	521	3340	6840	-3325	5245	-6883	-1902	1612	-387	-4393	6195	5048	-3682	-24528	1190	6907	-7144	-3381	-12588	1721	11837	2355	3125	-6988	9337	-5956	-6599	-1258	-3393	588	-24663	5755	2853	-1607	10800	-3280	-2399	-14671	-612	2885	-2608	-9331	1757	9894	2462	1654	-9246	-8056	834	-5763	5804	2544	2099	2359	-8909	1737	-1077	3400	-1508	-5997	12674	-3687	17841	659	25403	12267	8282	3315	-8273	-5160
OCTADECANOIC ACID-TMS   1  M/z313	1891	1712	-323	-801	-1877	179	657	-575	-1099	488	-222	1854	130	-283	-1025	851	268	-9	501	-1026	-1041	205	1645	3109	-1096	-1158	-423	480	1375	2032	203	142	-847	283	22	-2255	1585	-687	-391	483	-793	-833	105	71	-693	-3924	-35	1532	-1771	-1228	-883	-97	2441	-1005	533	-767	1729	-857	-1577	530	-532	451	-2593	1272	647	18	1839	-3430	-1056	-2679	1508	60	-1146	-2049	680	1115	1862	-103	-3257	-1361	650	-435	2782	-366	414	284	-2146	1422	40	711	-165	-1366	1116	-670	2745	535	4837	1386	204	399	-1503	-2035
"OCTADECENOIC ACID, 9-(E)-TMS   1  M/z339"	53881	35649	-815	-36314	-36336	12796	-2943	-9399	-4924	16261	-5935	87397	45909	-31622	-7928	6165	763	65649	29906	-11838	-15939	19160	22293	68459	-11520	-46577	-8647	14119	58826	46397	44133	239	-11379	10564	18901	-1638	41241	-38870	-8814	4501	1561	-35586	20867	13819	-12100	-132173	-13581	22253	-47708	-25250	-39022	-3422	74985	7894	14621	-50980	52973	-1535	-35811	-3276	-16653	10984	-114898	49818	-957	-2962	73408	-39771	-35736	-60419	-10535	9442	-24720	-43068	444	15322	19242	9087	-88717	-47342	21846	-22056	15297	14545	15916	-26731	-35691	18720	-1358	21760	-10300	-49034	48306	-19633	102478	-11280	103013	70200	17361	-157	-39432	-42727
"OCTADECENOIC ACID,-9-(Z)-TMS   1  M/z222"	16624	10120	95	-9950	-9083	4905	-376	-3383	-2595	4901	-1876	25930	13104	-8903	-2338	2610	305	18438	8924	-3713	-4266	5662	6520	21668	-3516	-14879	-2832	4806	18949	16284	13983	-880	-3453	3435	4895	-1555	10871	-10145	-2123	1548	460	-10476	6065	4030	-3541	-42544	-3903	6862	-14323	-8523	-11799	-1107	22125	2641	5333	-15483	17017	400	-9975	-1121	-5352	4198	-34408	15951	-5	-447	24233	-11359	-11917	-18253	-3434	2576	-7932	-14646	217	4736	6576	2007	-25875	-15572	7234	-5685	5158	4451	4862	-7959	-11071	5914	-423	6465	-4200	-14915	15948	-6154	30089	-3145	31083	23079	5929	-715	-13049	-12679
"ORNITHINE,N,N,N,O-TMS_2   1  M/z420"	-673	-23	209	3786	-2064	-1024	-813	-694	3039	-1977	630	3949	-2248	679	484	-72	-525	2067	32	2141	1736	557	726	1364	5235	-879	-2795	-286	2166	-2193	-95	-180	-1019	1557	1592	-1105	-515	-1235	3438	-1077	1479	2489	2428	-287	735	2279	1050	2964	-1248	-447	-2292	-2471	-4208	985	607	2741	-817	244	349	1384	-1185	1594	3303	-1244	1310	2049	839	6426	1365	2221	739	-964	-672	927	-905	-871	-4045	-2381	6346	-2490	-1219	2187	243	1812	122	5088	3596	1747	-593	-3231	370	1840	-1338	-528	-1534	1908	-215	279	5687	129	795	-1013
"ORNITHINE,N,N,O-TMS_1   1  M/z144"	1751	350	44	1459	-3419	1798	164	866	8335	-220	-557	947	-1008	1938	844	1300	-562	1020	637	2838	1130	2455	1311	1406	21356	-1374	-1652	2147	-12878	-4546	435	3638	467	8446	247	-228	-1993	-883	1453	-1423	690	1972	2304	-665	1485	5702	1255	1426	-265	-1314	-531	223	3835	1032	833	4888	-4259	-2776	-1695	780	1888	578	-545	136	1273	1217	421	922	619	4641	-26	-429	875	1956	1269	1568	-1573	499	-1126	-1123	-1388	3945	-659	1811	1303	500	3955	2051	-10801	-1102	-1557	547	-1685	412	-425	2054	1299	-48	1082	-1417	3396	-1145
"PHENYLALANINE,N,O-TMS   1  M/z268"	306	767	-216	-350	-429	624	-161	-505	979	-301	778	557	-236	-102	-425	459	-38	369	67	-212	-353	-226	5	434	1474	462	-543	172	-1149	-805	499	194	36	73	304	-393	76	-371	556	-696	-396	10	1388	835	-95	842	1028	1081	412	502	139	-625	-416	-260	-512	614	-102	-366	104	340	689	1092	1119	-619	617	853	-425	383	354	-415	178	-589	479	501	79	-375	-776	224	699	-1256	-338	-215	886	-92	-13	373	565	515	-170	-579	140	208	-595	-497	-585	748	-321	-713	397	576	646	680
"PYROGLUTAMIC ACID,N,O-TMS   1  M/z159"	-873	996	1691	-425	-2480	-1193	-1851	1363	1575	503	1338	763	803	-1370	-217	1612	-1242	38	2732	1634	-147	1325	636	2040	1354	2603	-899	1588	-3346	-813	115	1022	-743	3020	-511	331	1658	134	2029	-1013	24	4968	654	-397	1173	545	1216	2394	-864	-1538	-661	-2124	2409	2237	-1819	3172	-835	765	-2108	607	117	1432	57	-1779	839	159	2409	-1050	1743	-209	2315	425	1342	2433	-590	607	1953	618	-24	-1003	-1483	3980	1131	-1136	-27	3052	1334	232	-2662	-2363	-605	720	-1124	2199	-2916	572	-280	-580	1550	250	2427	-934
SALICYLIC ACID-2TMS   1  M/z268	-592	-432	-286	98	498	-281	410	338	-24	110	20	-441	-320	-410	-33	370	619	-117	-35	-133	456	-106	-219	47	-421	-521	-360	-435	-118	225	729	-331	33	-14	249	523	-287	124	-270	-241	-316	-58	-34	-404	-171	1	-198	-793	-315	608	-558	-393	442	-290	-278	-227	356	-589	138	-358	-799	-255	-256	160	-103	-587	42	345	-108	-112	-489	-32	19	219	-278	-306	124	-189	116	-309	-134	233	-87	290	-175	35	-54	-59	31	-9	-435	-217	-346	-30	-135	-9	-360	-343	464	-1	182	305
"SERINE,N,O,O-TMS   1  M/z307"	-1208	-189	988	-371	-523	-223	-488	-782	768	32	443	407	-111	374	323	1087	-813	1111	507	1123	258	-438	306	624	1700	996	-1330	669	-1391	-1349	-28	370	-283	-87	-232	152	215	-1292	1220	-327	-402	283	-194	-354	330	-177	1348	1199	-103	-300	-1072	-1431	-77	1029	118	745	-1292	-781	-484	126	413	311	730	-114	39	1392	52	379	322	1115	473	190	-900	837	-759	-69	614	-403	367	-695	-439	2542	180	-88	-647	1038	671	568	-1872	-927	102	-259	-1073	-1377	-791	1631	1138	-248	781	-26	1342	-1123
SORBOSE-MEOX 5TMS_1   1  M/z364	-1352	790	1859	-129	-88	205	20538	975	-522	2831	-14153	656	453	902	-21434	10939	3584	-21425	-14165	-369	2447	-13655	-1053	-23640	-1024	-5867	51371	370	-4043	834	-776	-958	11342	-4579	1933	2888	463	84	-410	430	-33	6693	-716	1319	-22228	-681	2236	-11296	8731	4659	11741	-184	557	-1464	-16999	1135	3158	-845	18511	18292	668	-4053	5800	-4610	-4734	1075	-1017	119	1945	-1201	2456	9972	-82	1375	456	-100	2794	548	323	14347	-785	25	-21691	2846	-12360	-1343	-431	1573	-149	-6362	319	11932	796	297	738	4702	128	-2295	11400	16546	6033	-2579
SORBOSE-MEOX 5TMS_2   1	-31516	20913	50840	-6357	-14790	24473	492394	20860	-12825	106128	-402786	20540	14979	55472	-621271	315422	125410	-590674	-412027	1640	81425	-352410	-33195	-641173	-44854	-114851	1409619	12188	-97385	23881	-40285	-19232	357784	-118384	69986	97169	3842	736	422	22828	2307	190384	-8053	39960	-644631	-20507	60075	-337256	283169	162260	377809	-2208	2593	-39937	-476058	47343	67662	-31003	550456	496872	20350	-154187	197456	-147601	-120458	43196	-30476	8864	63773	-49599	61488	253116	-11679	33873	20077	-8200	95640	24400	28355	369747	-24502	-5627	-584084	69492	-327295	-44983	-6020	39172	-10346	-180010	11512	374955	28967	15710	12635	154427	454	-76148	310422	448579	154074	-75500
SUCROSE-8TMS   1  M/z362	-1175	-6335	-781	378	-29	468	395	-311	-2109	549	146	188	-95	-24	-271	709	-90	276	-350	-70	-536	-915	-62	-387	462	102	-176	-3	-58	-2521	-121	-364	274	200	-637	208	-411	1597	1270	-1651	-152	-4213	-1077	-2546	-1370	319	-2616	435	3095	596	614	-83	1108	-655	363	103	68	-847	4182	2599	-713	-1533	-46	-424	-24	-291	-1046	-919	212	-386	1757	177	126	-3053	-865	-1963	1700	481	1525	299	-502	-713	488	261	-2472	-306	-155	581	968	-1204	-392	1575	495	355	301	798	169	258	1177	2479	-132	-310
TAURINE-3TMS   1  M/z328	-101	-51	0	-605	-227	95	-114	0	47	-152	548	134	-56	109	70	53	-18	0	-213	4	122	-475	502	2628	1014	-2032	4769	463	3942	-443	504	3	97	-1644	-158	0	0	-32	703	0	3372	-162	-557	-906	150	411	560	-486	0	0	99	-141	811	-43	-1064	-127	-1408	-114	65	-621	251	46	605	-647	1964	-226	2388	2031	-935	-835	-1573	-1308	-668	-744	-327	-998	-304	-979	7211	-890	-588	-843	753	838	-1726	-115	312	1314	-1538	-1217	459	556	4	-2418	-39	88	-1146	-714	1453	8473	514	767
"THREONINE,N,O,O-TMS   1  M/z293"	-5618	1091	-482	-1199	-1393	-3307	-312	567	3282	310	-2708	-1481	-2816	919	-842	706	-2615	1820	1293	-1042	2230	-797	2416	2870	10065	-1978	-5868	4301	-7518	-10103	-2803	5201	-3540	5132	3466	-3438	-2362	-9680	-1342	-530	-2133	8492	501	175	4151	3459	1822	1136	-8336	4164	-6926	-4197	-2673	1006	-1993	6909	-7193	-5506	-4037	2313	122	5381	4920	-3982	55	5548	-202	12880	-2630	7154	-3422	-3832	308	1297	-4261	-1052	-5271	-2510	-2044	-5943	-359	10050	5634	1370	-4042	-1233	5708	2396	-9929	-8886	-4069	-436	-5272	-14119	557	6314	4729	-3538	6092	1066	7099	-12811
"TRYPTOPHAN,N,N,O-TMS   1  M/z303"	-1216	-370	-205	-64	-585	-741	-644	-183	-602	-37	728	-42	-225	-849	-364	13	-1037	567	-185	-402	-289	-631	-63	-120	916	93	-1081	-195	-2021	-190	54	-1174	-278	1558	50	-450	195	-120	-82	-631	-97	359	-60	-363	-897	1194	215	550	236	1379	85	-765	-577	-402	-210	819	-614	-2912	-233	312	-760	645	-712	-88	1459	601	154	-553	363	-149	-741	-2420	-330	423	-699	-735	-579	-521	259	-950	-601	98	623	-350	-103	-231	325	24	-1156	-665	-514	602	-488	-922	-483	420	-544	-1181	331	-153	705	-35
"TYROSINE,N,O,O-TMS   1  M/z382"	146	-406	1587	-1156	-225	2739	-2295	292	2013	-1384	-810	695	-1982	-1330	192	348	-1734	1559	325	1036	305	-420	352	2079	5349	-471	-2346	297	-3107	-3558	821	-1634	-4012	1530	-1498	-220	-1698	558	490	-843	-121	2585	1409	559	882	2710	1078	2648	-766	1225	-112	-1890	-2871	-983	-298	816	-1061	-2566	-1126	99	2396	801	442	-695	1783	1672	-519	778	1698	1761	74	-3118	-730	1727	-2146	-680	-4868	-2701	1424	-2582	-1029	2009	1662	14	-565	2961	4191	2162	-2127	-2090	-1157	2667	-4502	1130	370	2342	-34	-689	1650	646	575	118
"URIC ACID-N,O,O,O-TMS   1  M/z72"	-20250	-635	15757	-34844	-35895	-44900	-1408	-38681	11328	13733	-7538	-4683	-23825	-19324	-16314	-23999	-52195	498	22569	-42129	-8604	-5057	-23269	11250	-9791	-49439	-17333	1841	-48907	8047	-14760	7221	14544	18872	15767	-6353	1606	-6397	-30417	-5256	-5193	-24379	19959	-3543	-17629	-12797	16017	-16916	7460	22473	-25	-9329	16939	-26083	-7298	18647	32788	4321	1345	-4940	-891	2437	-1868	9067	-11534	6359	9638	-3551	-8758	-62709	-14897	11964	4326	-567	-6540	8435	23319	-8474	-24765	25211	-1804	-6884	-3059	11261	-17430	-30104	17675	11965	-29638	-23070	-2570	-4935	13767	-18986	-26887	2219	12292	-10916	4305	-16793	-8621	-11803
"VALINE,N,O-TMS   1  M/z246"	-115	1101	6179	-948	-7320	295	-3873	-3678	8725	-3678	1429	7393	-3210	910	-2837	3036	-2076	2381	368	-2011	511	-513	983	5278	10247	-1183	-3930	1896	-6443	-5923	127	-1833	-5434	9533	4418	-211	-4466	-888	-754	-1427	-1510	6050	6117	1993	-579	10892	3375	5082	-455	8093	-812	124	-2994	-5349	-3692	4324	326	86	-3611	1090	4614	2721	703	-2101	7175	1720	-22	2777	2976	6379	2540	-5845	1722	3646	-4783	-1253	-5609	-1621	2157	-3177	-1973	6490	4335	232	512	2010	5423	2196	-1698	-5008	-6937	7946	-6465	-4085	-817	305	-402	-5495	5865	5393	4983	-534
 Tryptophan_Ri2161Mz202	-3673	318	-978	-1968	-1651	-2836	-1368	-1694	-2251	-1050	-960	309	-36	-1026	-574	-1847	-1635	229	-488	-2390	-1311	-1714	125	-886	-1337	-287	-1408	-375	-344	1696	-660	-1977	171	976	-820	-1378	1198	-111	-1201	-656	-1270	1161	1912	-187	-846	-341	-2222	-664	-72	3670	918	-114	-372	-719	-1042	-240	58	-979	-1324	1465	1829	144	297	150	794	-331	-129	288	-702	-3789	-684	-1456	-239	-1949	-501	-909	-407	-1469	693	-484	-1263	-191	338	744	110	-686	243	792	-220	-533	-623	362	-3602	0	113	-1142	-1216	700	-1474	100	-805	-611
Benzenebutanoic_acid_Ri2182Mz192	-1610	-138	784	-998	211	-103	88	-335	400	-1350	-135	485	143	553	829	142	-405	2371	-789	589	252	-975	675	50	463	2087	-529	176	-614	325	680	-601	-214	738	-149	1250	619	1006	270	34	-277	-614	77	674	-805	1290	-293	-371	-360	2074	20	-558	-953	-523	-45	-745	440	-522	-4	703	674	-193	87	1066	-518	-65	293	587	-302	94	369	-1256	351	146	-279	533	1185	1367	1221	-426	73	-386	-89	401	-513	-655	2284	805	-967	-748	-427	222	-545	181	100	1014	-981	5915	-468	-338	211	401
Myo_Inositol_phosphate_Ri2399Mz299	649	-211	-523	-797	-313	-1291	-744	583	-212	-1606	1032	485	478	-237	89	-465	1048	-949	546	-875	-1307	-371	365	780	122	-256	-578	31	825	-146	73	-869	-424	708	-248	-565	-310	-744	-243	-602	189	770	-66	218	-307	882	359	420	-989	-414	161	-610	-506	-555	321	1118	46	-519	221	104	491	965	-8	35	231	-179	573	98	962	-745	-238	-275	-186	-877	-94	-498	-139	-1051	-22	204	-492	-864	-173	-361	-100	68	-465	385	-305	-501	-1464	-427	249	-1118	89	-1209	123	1089	1103	-131	1045	-54
Kynuerine_Mz192  Time: 373.01 to 374.92 Mass: 192 to 192	-744	-154	259	12	-500	-56	-404	-142	370	-115	130	-294	38	758	45	159	-291	800	-55	328	265	-736	79	283	145	497	-333	119	-286	135	-38	-249	293	-43	35	521	371	251	275	-42	-212	-274	-292	535	-469	598	9	-260	77	738	-143	-16	-295	13	-3	-165	57	-54	134	289	104	26	95	428	-35	-32	222	-52	83	-197	110	-500	110	138	35	316	262	-10	378	-140	215	-369	261	286	-43	-306	820	359	-380	-233	-261	98	82	118	-133	364	-311	2667	-354	-118	224	879
