Probes	G104	G108	G109	G110	G112	G113	G117	G123	G126	G128	G132	G133	G134	G135	G136	G139	G142	G144	G302	G303	G304	G306	G310	G316	G319	G328	G332	G337	G356	G358	G359	G360	G362	G363	G367	G368	G373	G374	G375	G379	G382	G383	G385	G386	G387	G390	G391	G395	G397
IL10	0	0.148195092	0.060423403	-0.324023776	0.195365185	0.072947377	-0.896821655	0.221804108	0.622793783	0.797975892	-0.290656913	0.207393987	-0.143234285	0.284580559	-0.02124389	0.6669543	0.817398353	0.489968109	-0.378958909	0.073737462	-0.017737831	0.063936564	0.791757529	-0.045753085	0.249299264	0.078273868	-0.374175946	-3.670060978	0.123557796	0.635369958	-0.719783942	-0.395674336	3.35280074	0.143368573	-0.649923598	0.257344271	-3.892776324	-0.395804638	-0.494034702	-0.294553267	0.357265442	-0.689090787	0.655849283	0.275201495	-0.08632742	-0.728782061	0.081347331	0.251863303	0.935083334
IL-10RB	-3.41352032	-0.23416191	0.065904994	-0.027175181	-0.053699678	0.085543809	-0.030304639	-0.089159825	0.17402583	-0.051038282	0.103163826	-0.050576362	0.026029283	0.075803155	0.030105733	-3.055909626	-0.047393025	0.002103614	0.02996637	3.379845843	-0.151451174	0.01197757	-0.078986926	6.651093303	3.50765472	0.000641027	0.038635	0.00337514	-3.541182763	0.150206875	-0.326021941	-0.065054984	-0.007281105	-0.093051257	0.030993968	-0.17894515	-0.101835725	-0.097683472	0.130265901	-3.502104303	0.071802403	-3.359263462	0.126408469	-3.272183562	0.002999571	3.188771411	0.024194015	0.098387237	0.085102167
CCL11	-3.376925707	-0.052493841	-0.069704819	0.080642765	-0.106881724	-0.107849332	-0.084371911	0.065827633	0.218471426	0.050977111	0.026610051	0.017701055	-0.028744085	-3.263432148	-0.015295989	3.297486018	-0.066948813	0.206292999	-0.120694661	0.030900021	0.071142486	-0.110097835	0.161459398	-0.016977123	-0.004591736	-0.0375518	3.399546721	-0.066379527	0.029519354	-0.029666843	-0.071155212	-0.168750412	-0.024990287	-0.10503447	0.065850825	-0.013890231	-0.036978563	0.01101773	-0.046011011	3.371797468	3.340027481	-0.093265131	0.009612844	0.088584253	3.393385593	-3.345217888	-3.431606557	0.04448711	3.342962835
MMP-1	-0.082667658	-0.014121108	-0.157159527	-0.132367849	-0.142563398	6.43738362	3.27982138	6.745665563	0.031541517	-0.006853671	0.182505182	-0.217318688	-0.141037726	-0.193857936	0.027299857	-3.19747973	-0.027459813	-0.315641832	-0.005491804	-0.186297971	-0.034036324	0.170209697	0.047095118	-0.162580492	0.103390846	-0.14891381	-0.007026126	0.106915204	0.292418213	6.918404959	-0.183428448	-0.282268008	0.058762826	0.240080421	-0.255487952	-0.129645185	3.450499795	-0.147917714	0.01508583	0.096326117	-0.10454248	-6.911669392	-6.771625136	0.204646871	0.34519155	0.012195297	-0.05138346	0.048986851	-3.162158467
CCL3	-0.152562073	-0.03985785	-3.291432749	0.027319273	-3.167360554	0.058606434	-0.114381862	0.087412199	0.238679444	-0.072004958	-0.087967252	0.107708165	-0.182210339	-0.176877199	-0.193047076	0.011409321	0.092970588	0.493520733	-0.281332932	-0.413039374	-0.296823691	-0.046687704	0.238140008	-3.662013338	0.317977247	3.304534644	3.582244456	-0.013208018	-0.159027807	3.5076358	-3.607770047	-0.423409152	-0.332536839	-0.311978965	-0.356233229	0.055817398	-3.278455768	-0.081970361	0.15804843	3.337932896	-0.047135063	-0.2671969	0.010681187	0.176878025	0.11975624	3.612938656	-0.088421208	-3.132370855	3.382003822
TNFB	-0.005610921	3.097135163	0.021206041	3.327227494	0.261790037	0.277093212	3.450259642	0.026255267	0.093865685	0.2520222	-0.032457777	0.071057934	0.068052834	0.087314991	0.159232137	0.071040208	0.005937404	-0.092040881	-0.019736243	3.599661073	0.096732805	0.01650911	0.049435945	-3.237775517	0.078135523	0.175245903	0.059781176	0.366680498	0.194965134	0.197019389	-3.340998834	0.133889798	0.06649792	0.005749223	0.158035385	0.054288482	0.037192717	0.147468798	0.074038986	0.159656857	0.02161243	0.178921714	0.110941966	-3.28577874	3.491547136	-3.258946628	3.144600769	0.349168864	-3.099317936
TNFSF14	-0.329312252	-0.178335696	-0.44379297	-0.415463938	0.048312819	0.201191036	0.109406895	0.373322022	0.378972025	-0.061943972	0.073059146	-0.73847709	0.07772239	0.177343698	-0.453602115	3.897867487	0.088090351	-3.285708168	0.496844683	0.014383589	-0.562538496	-0.336734438	-0.328747383	-0.427854143	0.530173085	-0.29560009	0.226294537	-0.125678521	-0.11229951	3.942293565	-0.845424765	-0.569807264	0.496893057	-3.577597741	-0.504782479	0.217055432	0.031708428	-0.511174141	0.21562839	-0.20619413	-0.057425864	0.006560238	-2.965553828	-5.833464104	0.532630273	0.293363362	0.330403772	0.24948179	0.587633608
TRAIL	-0.070547049	3.291270987	3.388520848	0.003660934	3.331172404	3.204626179	0.045921715	0.067891662	0.271148484	0.035694266	3.424393353	0.030447629	-3.405131028	0.07956633	0.030651482	0.186373079	-0.029185075	0.21536653	-3.383819983	0.176420291	0.086913705	-0.044254463	0.087283844	3.342672265	-0.02229986	-0.004114515	3.375379253	3.208279044	-0.049782358	0.142621841	-0.057383895	-0.067857334	-3.254801955	-0.091012505	-0.039500124	0.035478997	0.054691404	-0.179183706	0.091943883	-0.02856332	-0.183876019	0.211914472	3.329636091	0.105654797	0.04459503	0.081050904	0.025107354	0.093531486	0.009862562
CX3CL1	-0.112564101	-0.107145077	-0.061855196	-0.043811943	0.204235298	0.034261127	-6.47495394	0.071093541	0.142731753	-0.071541438	0.073404284	0.095887578	0.016691254	0.019858565	0.034614241	0.08181692	0.067537797	3.262239812	0.076236498	0.28080297	0.10141472	0.047717528	0.074676733	0.035331278	0.203697128	0.304231029	6.872672341	0.233380574	-0.006435513	0.232439681	-0.122644488	0.056834575	0.151781592	-0.009760129	-3.105405541	0.122907734	-0.098090202	0.009649977	-6.673261744	0.106638312	3.36388545	0.14113152	-3.209448677	0.123947395	0.141370746	0.010912939	-0.083941134	0.089020999	0.105733173
CST5	-0.072885451	-0.433356339	0.271723917	0.064189974	0.006297119	-0.131723205	0.13987227	0.335721589	-3.23865323	-0.153767303	0.102129752	-0.097035203	-0.15379131	0.088464748	0.178221996	0.07127287	-3.275614649	0.196158236	-3.186608005	0.124247787	-3.245095159	-0.123011481	-0.100518468	3.350509887	0.060517232	0.062403821	3.340360507	-0.064191147	0.011688541	0.25601838	0.317716803	-0.063258277	-0.138236924	-0.106921843	-3.439605302	-0.135663062	-0.272237927	-0.068779115	-0.056706541	0.082344983	-3.308028228	0.03867798	0.291806216	-0.030149246	6.66449706	-0.048398572	3.37358473	0.078294723	-0.066197228
TGF-alpha	-0.023571756	-0.135760304	0.232135642	3.200725006	0.206992398	-0.004282228	-0.309834962	-0.073257262	0.522117999	-0.43708208	-0.267112309	-0.216575263	-0.093161428	-3.223847872	-0.197263376	0.3584312	-6.67051287	0.171788682	3.478951534	-0.081471767	-0.3164228	-0.314325338	0.086865409	-0.1476428	0.944794623	0.042010615	-0.378484047	-0.002026676	-0.386362487	4.383222942	2.559548071	-0.366956469	0.393070262	-0.517465422	-0.208764308	0.099749987	-0.070815374	-0.027444154	0.101588644	-0.164248818	0.097817727	-0.32451494	0.065804271	0.680964794	0.634899995	0.189966351	0.441880241	0.37748406	0.412002119
IL7	-0.334581465	-0.363621171	-3.578207582	-2.923006073	0.124179834	-4.150198577	-0.006388354	0.917680436	-3.024810618	-0.361222116	-0.106559559	0.097525618	-0.995886435	0.068023284	-1.139039817	0.387967872	-0.196815606	-0.33292393	-0.522024461	3.245493958	-0.268533199	-0.149687444	0.62885584	-0.528822281	0.045050907	0.566380262	0.096155231	-3.307148162	-3.686885001	0.117502626	0.035294534	-0.507704139	0.863087783	0.240986532	-0.315592099	0.438571123	-0.209229694	-1.037661974	-3.901625601	-0.303747113	-0.628788305	-0.063677204	0.975401257	0.126778663	4.398906911	0.142483711	0.296953017	0.311023147	4.215410843
MCP4	-0.024482685	-0.152669971	0.080391318	-6.613015801	-0.025200554	-0.095882145	0.038569836	0.115404444	0.100434269	0.014409059	0.122495442	-0.025418449	-0.085048656	0.079912102	0.007351328	-6.648952789	-0.051994638	0.068229604	-6.642304666	0.01847266	-6.653567693	-0.17968797	-6.649924922	-0.000900278	0.038449732	-0.041428547	0.14974712	-0.045833389	-6.722017631	-0.12313079	-0.036549011	-0.156959688	0.037868186	0.035427073	0.012506413	-0.104851361	-0.0054925	-0.023458973	0.071631187	-0.063246604	-0.023831591	-0.02026808	0.038063258	-6.453946728	-3.173373194	0.002714385	-0.088273936	0.068211302	0.04053816
uPA	-3.359804049	-3.386405723	-0.009464256	0.012334213	0.09127654	-0.002873709	0.017069014	0.015661641	0.008485047	-3.322646963	-0.006737182	0.098318678	-0.019848102	-0.111054397	-0.045771833	-0.056819883	0.088954333	-0.052658575	0.019560492	-3.272058319	-9.44E-06	-0.015848315	3.353584993	0.017421259	0.026424763	0.162676465	0.046948605	0.030851004	0.047252097	-9.924643963	-0.071814002	0.123811211	-0.018188326	0.023947708	0.024015454	0.040464732	0.070415524	0.04958194	-0.069107215	0.062963785	-0.005196842	-0.030875259	-0.015406854	-0.059567164	-0.000368303	-3.279229035	-0.050759182	0.094302041	0.041408115
CCL19	3.283068983	-3.248745689	0.220971066	-0.061140237	0.036072062	-3.532803765	0.031681366	-0.255823704	0.29398708	0.079633415	0.083195731	-3.544058847	-9.663824118	-0.180820499	-9.652523525	-3.148762859	0.098963792	0.391388257	-6.702808217	0.082628751	0.15122351	0.386446026	0.301925983	-0.035566216	0.40478926	-0.162397628	-3.620733152	-0.02621271	0.241093644	0.184406089	-0.044319852	3.374391697	0.134213551	0.096248468	-9.689213178	3.277295134	9.742870267	-0.04557728	-3.376531688	3.29330822	0.025396792	0.242437033	-3.351561364	-0.143455043	-3.430862233	0.038023477	-3.365800423	0.301314224	-3.29583062
CXCL5	-0.16137224	-0.28963621	-0.097949881	0.033978084	-0.161100236	-0.013395593	0.130246677	-3.251692712	-0.004635169	-0.013500435	9.677355308	-0.104848799	-0.010971118	-0.062415237	0.120792584	-0.03265633	9.727279081	9.654876045	-0.01529373	-0.130637773	9.656689153	-0.105921133	-0.006713344	-0.280107919	0.076978816	6.450290407	-3.268655431	0.263270352	0.107926944	0.192141256	9.666505593	6.352043426	-0.117864169	-0.074388698	0.209750982	-9.8503189	-0.095295122	-0.041014726	0.074000581	0.012589042	-0.117126483	-0.284453389	-0.043538108	-0.029803211	-9.718076639	-0.020628699	9.881713886	0.073046643	-6.487013467
SCF	-0.02974034	0.004159291	-0.123528405	-0.005844511	3.402565126	-0.013680466	-0.004390095	0.121034768	0.013121384	-0.066426067	-0.077372111	0.098361185	-0.037358878	0.091471001	0.045616604	-9.796294738	-0.114058533	0.026476709	-3.365762965	0.183159834	-0.008771119	-0.019760551	0.027901804	3.318591221	-0.151911156	0.047914631	0.046420098	-3.4127314	0.043276751	0.027857147	0.025648378	0.079493908	0.044571388	0.005149655	9.916111877	3.257552756	-0.142092483	9.858075805	-3.32870184	-0.234914507	-0.004108431	0.016134117	0.069241951	0.261032249	-0.05917379	3.087043904	0.046771705	0.051549657	0.017113507
FGF-19	2.943965263	0.018736785	-0.458498032	-0.462667718	0.459525823	0.003024336	0.075094193	0.352693466	3.27758745	0.111022031	-0.118547837	-0.123533515	3.272627701	-3.414453737	0.325470168	-0.25964941	-3.489866906	-0.209282775	0.25148738	0.315152855	-0.196297027	-0.053979524	0.502912747	0.205347821	0.252797416	-0.026885325	-3.110697138	-0.241196889	0.018639132	0.211378909	-0.123921379	-0.133655461	-3.228713306	-3.106515287	0.13643909	0.250086962	-0.216245414	-0.185976006	-0.052920138	0.045003069	0.078349733	0.048847676	0.108922308	0.242155767	3.450660689	-0.151161281	0.002094714	-3.488856957	-0.021066556
VEGFA	-0.056046441	-0.044209557	-3.391389544	-0.022116534	3.44051879	3.30294545	0.062210046	-0.052680378	0.031810967	0.015386733	-0.056786716	0.015747347	-0.014321644	-0.011700677	-0.022876842	-0.127819195	-0.063626662	-3.46427351	-0.065689131	0.067700927	-0.04362039	0.025151473	-0.01365205	0.024197822	0.14061889	0.147111065	0.076620909	-3.23489737	-0.162902877	0.18305946	-3.214136033	0.062429313	-0.050016451	-0.080840488	-0.048307099	-3.334480718	-0.176476482	0.003352882	-9.701281175	0.126805612	0.063049851	-0.020131722	-0.029803707	0.061240345	-3.352292106	-0.08063547	0.006339168	0.085820728	0.0986472
CXCL10	-3.225646547	-9.774261484	3.526483905	0.076449544	0.080679441	0.180809253	-9.79610892	0.083087982	0.271069018	-3.020431116	0.11212599	0.189758757	-0.01006862	-0.155330309	-9.939593862	0.072737042	-9.731945401	-9.521471134	3.189769405	-3.11827537	-0.22485979	0.10320842	-9.691249583	3.293690382	0.194146378	-6.439351817	-9.578307424	-3.163896253	-9.745429955	-9.609341506	-6.411714559	-0.096315915	-3.396828902	-9.666783267	-0.121680701	-9.792759937	-3.35972195	-9.776193077	0.030110557	9.82726953	0.108057769	0.055695766	0.06298858	0.08125325	0.187112283	0.028505191	0.139841167	-6.417243391	-9.792796774
CD6	-0.21256123	0.064002701	-0.305062288	-0.18287733	-0.374093239	0.073169491	-3.332223764	0.196357652	0.182863381	0.024802921	-0.42836574	-0.031480898	0.069231181	-0.283428817	-0.221539408	0.405189606	-0.275592929	0.385729216	3.204719007	3.72055814	-0.279179826	-0.014317082	0.232169749	-0.345201387	0.256084995	0.0544976	-0.02155482	0.093867442	-0.107880074	3.445861406	-0.283646574	-0.465159658	-0.129728511	3.339650262	-0.203423786	0.210378547	0.004768906	0.097351002	0.506434638	0.063708189	-0.04831905	-0.01095117	0.173547846	0.024936301	-0.051179904	-0.267245505	0.070301576	0.237915256	0.273359948
AXIN1	2.128389598	-0.763439037	-0.193160515	-1.007906446	2.720263224	-3.421773767	-6.466458941	0.560406126	-2.770346507	-0.541391421	-0.144288444	0.123668125	0.816150887	-3.199804088	-0.022613588	0.097014327	-0.892229506	0.02789322	-0.802910396	0.278200657	-8.235085435	-0.198199587	-0.169537805	-0.689018124	-2.394752141	-1.011601713	1.794480107	0.095975358	-0.087348951	0.260648945	-8.501596961	-0.986085242	0.060325118	0.373992292	-3.839216943	-0.055054523	-2.952188178	-8.616086348	3.840423987	-3.492267713	-0.300130707	-0.037801915	0.479118877	0.505864296	0.44317399	3.367950175	0.30087064	-2.799542937	5.090889041
CXCL6	-0.128182862	3.131896732	0.041189638	-0.053950829	-0.079469307	-0.047318085	6.581868617	0.117422189	-0.084282191	-0.062121712	-0.047356574	9.654766076	-0.005895518	-0.02545442	-6.641970681	-9.71088172	3.279854404	0.182578449	0.087547113	-0.093988157	-0.127925603	0.018054493	-9.884444509	9.806669435	0.189909438	-0.005126924	0.09497776	0.0601628	-9.880313887	3.371601425	-3.398225218	3.135343574	-0.088599983	0.058983002	-0.189031691	0.051196878	9.735594258	9.690951428	-0.133879823	0.025414268	-0.093307456	0.103223252	0.119459232	-3.073856161	0.026443753	-0.007674917	3.254456161	0.123712459	0.161174914
HGF	-0.090645224	-0.122984718	0.033151142	0.009294009	-0.170502928	3.350655552	-0.116094349	0.135743525	0.303833536	-0.122651446	0.026614777	3.161930856	0.006371083	-0.054425076	-0.11021566	0.06502035	-0.003221555	0.188069957	3.428148456	0.046059242	-0.135972505	-3.405929339	0.008231981	-0.113878883	-0.013769808	-3.349656745	0.025361734	-0.071131865	-0.038969285	0.142731616	-0.191408555	-0.128382817	0.078113698	-3.455084198	-0.01399813	0.039115717	-0.037232869	-3.376459842	-0.065414771	-0.185953661	-0.084739657	-0.011879638	0.057788205	0.136696764	0.074598061	0.004190746	0.052630673	0.126259625	0.082594826
Flt3L	-6.731387129	-0.081764822	3.299405859	-3.317314239	9.853095801	-0.129763688	0.060442365	-0.00625323	-9.679208743	-3.236945571	-0.083840991	-3.275165613	0.068359997	-0.078601778	-0.015355718	-0.079454452	-0.051279124	3.528590966	-0.017370609	3.521951051	0.07091297	0.078822924	-0.063905491	-0.093879128	0.010448677	-0.103904804	0.011886538	-0.027863237	-0.103712432	6.795044558	6.546236235	3.141303883	-0.14729633	-0.156549125	-9.877963955	-0.024940605	-0.024389358	-0.001162292	0.026096349	-3.280907161	-0.173863538	0.071669101	-0.006349556	-0.052552888	0.060114097	3.384982297	0.027516285	0.094163299	3.380725683
CSF-1	-0.068384661	-0.046254226	-0.04117441	-0.0307065	0.125162915	0.018068016	0.064417864	3.274812867	0.046741572	0.098974737	-0.010282459	0.02808672	0.016824608	0.049429581	-0.000445324	3.318954919	0.076486601	-0.026155127	0.001407801	0.152925439	0.02045827	0.039376077	-0.008584014	0.060169609	0.115306345	0.051306071	-3.249315072	0.007445904	-3.334106975	0.112363746	-0.049113731	-0.015329326	0.024888471	0.017684987	0.044059261	-6.602070699	-0.011747709	0.002238276	-0.030802531	-0.009057669	3.354011496	0.061977523	0.008818518	0.058100076	0.02913811	-6.654941143	-0.050481237	-3.251141765	0.048694076
CASP-8	-1.275050012	2.955465746	2.455065361	-0.553158213	-0.447897979	0.033485911	-0.667880235	-3.260991548	-0.303964722	-3.393990758	0.015200978	-0.065888068	0.08847078	3.565395136	0.162910372	-0.255730757	-0.242771362	-0.595708231	-0.865075739	0.279818929	-0.784320927	0.291434229	-0.552982603	0.063099657	1.106140133	-3.339717922	0.223378898	0.299296147	0.470521014	0.836426672	-7.410189664	-0.787985851	-1.272265502	-0.082842631	-0.051172089	0.010085604	-0.408573218	-0.707486584	-2.997633867	0.550506843	3.206794909	0.808996563	0.526667089	-0.067434095	-0.096046633	-0.06404139	-0.082464126	0.249617999	1.120380312
CCL20	-0.116797327	0.11208841	-0.603961045	0.236892972	3.856403131	-0.205544564	-0.094856602	-0.182662769	-0.203589505	0.346274901	-0.510659411	-0.368040503	-0.248742133	-0.280882604	0.195297079	0.029935369	0.051640763	-0.146693072	-0.036146281	0.450309969	-0.151946882	-0.065750389	-0.104232972	-3.124759857	-6.148775765	-0.088657833	0.011459033	-0.102031184	0.007449648	3.527218732	0.027719741	0.300606981	-0.070403379	-0.178442272	-0.071298733	-0.384552095	0.059910411	-0.811314352	-0.033552781	-0.009359835	3.175807863	0.089859768	-0.042825637	0.741175061	-0.016852433	3.191388414	-0.071215639	0.046946482	0.019650867
IL8	-0.098643645	-0.285327585	-0.094646138	-0.012928978	0.186263637	-0.065668488	0.028285285	-3.197915258	0.012291931	0.350598956	-0.389271559	0.510165192	-0.323119079	3.235835805	-0.061657406	-0.181530275	0.230928584	-0.48809974	0.166439478	0.138749147	-0.018296154	-0.069241287	-0.172649279	3.438811937	0.292619148	0.213025329	0.091852343	-6.637137427	-3.249845846	0.087617872	0.171165697	0.665305774	-0.284729392	0.138853402	0.211394997	-0.163154013	0.078102636	-0.41335476	0.378444654	0.260944981	-0.224551643	0.208334015	-0.063945441	-0.730470956	-0.236969867	-0.178241079	0.557587206	0.220364907	0.268877483
4E-BP1	-0.625463271	-0.385438028	-3.393777825	6.630116774	-0.551605106	0.186528839	-0.110449181	0.363144098	-0.06776964	-0.48472325	0.091391785	3.2196444	-2.96033961	0.190391775	0.072368337	-0.594717359	0.056954694	-0.262100567	-0.192457636	0.095508527	-3.501544379	0.780388543	0.537221213	-0.288936218	-0.043040016	0.237302435	-9.661279372	0.047424172	-0.074435222	-9.78459807	-0.403387463	-0.242155168	0.09298997	-0.016218746	-0.129212855	-3.217711271	0.08214083	-0.746106007	-3.28628743	-0.029404653	-0.199034178	0.383836049	0.353898309	-6.457745663	0.129890375	0.04633342	-0.061685979	0.771967878	0.425600406
CD5	-0.147982662	-0.246684278	0.086969939	3.08882366	-0.105408176	0.010531214	-0.035005001	-3.422119656	0.358530678	-0.115117305	-0.025308996	0.035932109	-0.083101445	0.241993629	0.178716505	0.196619944	-0.044573447	0.016008822	-0.059568316	-3.195485751	-0.166901779	0.214076924	0.353369611	3.230175363	0.469199462	0.30096969	-0.322604794	-0.085898131	-0.115698118	0.303656256	-3.834245784	6.581694015	0.139876547	0.056431866	-0.115592977	-0.049216686	-0.122915509	-3.340901617	0.273811464	-0.073473291	-0.012405078	-0.210908034	-0.000377579	0.067934777	0.140494473	-0.176657262	0.150376184	0.228649245	0.172910159
SIRT2	-0.643588661	-0.555946856	2.965314242	-0.357131946	-0.658822344	-3.094311666	0.004553718	0.572234995	0.321566692	-0.57417132	0	-0.14138888	1.009871132	3.681763247	-3.182493639	6.668250529	-0.095398465	-0.705648974	-0.766290028	0.152190888	-0.379666319	3.776716216	-0.34566787	-0.648378283	0.558838145	-0.310264457	1.095207764	0.275123149	-0.022502314	0.081603045	2.843871263	-0.228265499	0.331469627	0.4562609	-0.383310948	-0.044547186	0.51196609	-0.699292906	3.465042824	0.156176782	5.763930028	0.439400878	0.739738486	3.798530227	0.142236199	0.107554115	-0.009025931	0.383135332	0.934996589
ADA	-3.55119834	-0.381760886	-0.083080127	3.039897979	-0.104069173	3.466428552	-0.061909701	0.144818187	3.434040003	-0.141583897	-0.129521742	0.12631188	0.14951306	0.336402444	0.076503258	3.271181294	-0.026443024	-0.3431355	-0.221113387	0.122747193	-0.067148526	-3.090470387	3.269915574	-0.030903949	0.414467457	0.116032662	0.17473786	0.203731735	0.131784692	0.54205567	-3.631060677	-0.316763214	-0.437235895	3.271734604	0.1639422	-0.078596037	3.21237558	-6.83116607	-0.000891312	0.181515883	-0.194402376	0.301478647	0.285176424	-0.03764082	-0.072653589	0.094773611	-0.057760444	0.240635607	0.498079412
CCL25	-0.170294788	-0.123934043	0.007968971	-0.042988928	-3.04194094	0.04076263	0.140912989	0.042867348	0.022486906	0.294941206	-0.099700189	-0.046880664	0.05668123	0.007371179	0.013528785	-0.248914428	-3.299192872	-0.020026696	-0.064044204	0.208998651	0.032110819	-0.053956846	-0.008536605	0.060259235	-3.141257484	0.306951	0.103848627	0.137762315	0.052026725	0.100034994	-0.100742235	0.1739222	0.014285539	-0.034684693	0.03718492	-0.058327497	-0.026354241	-0.082550382	-0.025332277	0.209437647	3.295195212	0.107225688	0.054941536	0.161716878	0.002273222	-0.178075605	-0.180207504	0.207252163	0.094398601
LIF-R	-0.164749236	-0.19823689	0.223625779	-0.105447751	0.017977269	0.062662889	0.256324477	0.400460252	0.781479406	0.057293309	-0.076537667	3.258585117	0.097004979	0.222029291	0.317013188	-2.899115772	-0.038349384	0.069060743	-0.084774152	0.291763438	0.115460622	0.24940068	0.044312438	-3.399484588	0.027916321	0.455273908	-0.019375817	-0.211319583	0.102204904	0.524348362	-0.304648297	-3.336081841	0.032176774	-0.186815079	-0.203316751	-0.039614482	-0.299413775	-0.081960705	0.015271156	0.210174019	-0.093593841	-0.027072369	-0.084940473	0.097076061	0.129076059	-0.282091489	0.23357714	0.351825474	0.262038666
CD8a	-0.074851371	-0.019581071	-0.019794577	3.362438975	0.112735116	-0.040057205	0.067878603	0.024160028	-0.018881789	3.473476095	0.173008844	-0.036371523	-3.255910333	-0.009125126	-0.179784678	0.053814292	0.15424178	0.043231927	0.018261601	0.118034445	3.308559158	0.037525912	-3.322235006	0.047716934	0.091857765	-0.096835525	0.135314297	0.112373834	0.292092926	0.110493819	0.013282123	0.121859475	-0.02737509	0.065349775	0.273789958	-0.204098625	0.025045831	9.624751016	-0.011676304	0.103014532	-0.078181682	-9.899523945	-0.178320858	0.152303631	-9.703178584	0.016773135	-0.313301125	-9.863340154	0.010056563
CCL4	-0.136796633	-0.162358107	-3.171804154	-0.157364538	-3.25735729	-3.360613413	0.06193809	0.07203506	0.439463796	-0.049939062	3.167023583	0.096966407	-0.195363187	3.424576065	0.079362257	0.136130061	-0.201690964	-3.214401531	-0.299373228	-0.173567404	-0.344429273	-0.269286376	0.177196587	-0.155088983	-0.023892368	-0.102645247	0.331197628	-0.339844685	-0.056204557	3.384515164	-0.202023628	-0.312164794	-0.290584321	-0.302193624	-0.133380548	-3.458781612	-0.121604416	-0.159462352	0.363491373	0.031378407	-3.386043574	-0.229077288	-0.134465628	0.230863161	0.086589405	0.207013863	-0.229160704	0.124286697	0.009387149
STAMPB	-0.775658998	-3.639163257	-0.310083719	-0.320496656	-3.768648589	0.041844772	-0.294704955	0.232767223	0.208139341	-0.183367715	-0.467753747	0.341573989	0.523461348	0.47887154	0.257670518	-0.282240165	-0.196626103	-0.612364446	-0.742558885	3.59482625	-0.283943511	0.352008233	-0.112124944	-0.017499109	0.625217708	3.345661259	0.327479793	0.272642512	0.420111567	0.763694195	-0.514799518	-0.728799524	-3.918546267	-0.068510861	3.301064331	-0.381618077	-3.519456247	-0.646748285	3.581904257	0.364538437	-0.327743617	0.642736671	0.457376697	-0.082441231	0.082189148	0.239235109	-6.686256675	0.27196793	-2.538776146
DNER	-3.405208893	-0.109267062	-3.354180848	0.053802351	-0.006717192	-0.117311569	-0.045822634	-3.279353756	0.110703269	-0.081787904	-0.051849996	3.321254893	-0.00894831	-3.182492793	0.070058851	0.061685192	-0.107313178	-0.039198595	-3.315906859	0.072780633	3.405890553	0.007189355	0.079552351	3.257443487	0.087270214	0.042370558	-3.332496429	-0.013143934	-0.06512813	3.38241582	-0.078313739	-0.040681402	0.070354141	-0.128953719	-0.035724166	0.086963624	-0.087425327	-0.059690615	-0.047753083	0.026492401	0.019261433	0.082877786	0.052924422	0.026102956	0.030536974	0.006217898	0.031853028	0.080478308	-3.27213381
IL-18R1	-0.07934648	6.735007845	-0.012974957	-0.039499956	-3.20803669	-0.043257342	0.061861221	-3.197755248	0.19878435	0.071655188	-3.278707629	0.126877818	0.071135801	0.005594423	-0.054322408	0.067635341	0.000127807	0.265402594	-0.079793911	0.059226199	0.076124992	-0.107238927	3.486757359	-0.058796679	0.180289753	0.180761423	0.110295914	0.091614387	-6.545317219	0.251870509	-0.187232107	0.093328947	-0.070383062	0.066722592	3.41838714	-0.106450735	-0.114095824	0.079654313	-0.077797512	-0.07978932	6.745942138	0.049779629	-3.286874763	-0.068080596	-0.085245531	0.043274709	3.363531191	-6.502025094	0.107701475
LAPTGF-beta1	-3.444479756	-0.230804046	3.184110577	-0.181186609	-0.160096878	-0.008317723	0.254131191	-0.033813488	0.10969934	0.172823794	0.158730024	-3.387599292	-3.457446793	-0.215282803	-0.158258344	-0.128034612	3.309623941	-0.382951079	-3.528802811	0.005012219	-0.125472234	-0.064863275	-0.01127017	0.061300707	0.396770151	0.154715584	-0.010016389	0.289406844	-0.101623345	0.328294133	0.068815388	0.065090386	-0.135528408	0.033791581	0.042936809	-0.021541867	-0.034695823	0.06667331	0.267513052	-0.021365151	-0.057830875	-0.051821314	0.191415877	0.093152715	0.026104721	0.009408987	-0.11279644	0.197199787	0.301947773
CCL23	0.004765661	-0.119148598	-3.284150707	3.341340773	0.07312601	-0.001417966	-0.030816017	-0.05686223	-0.044654498	-0.09137134	-0.001653819	0.014341023	0.021444137	0.032101207	-6.55477101	0.097658707	-3.32680537	-0.008006271	0.038645502	3.426373936	3.334304342	-3.310084405	-3.177304239	-0.097230513	-9.812446614	0.073051347	-0.041268904	0.02022218	-0.09511886	-9.695722181	6.470097896	0.073438261	9.953864685	0.013036759	9.88920759	0.083348968	9.785789381	0.052562679	0.090846808	3.234634257	-9.799452052	9.778312776	-3.273758487	0.013901254	0.088654976	-0.079166145	0.102649685	-9.833154916	0.058737895
MCP1	0.022653184	-6.483842869	0.167849985	-0.023781226	0.205010343	-9.879194862	-0.124592137	0.038510829	-0.059344461	0.302855361	0.092353605	-6.590370998	-0.067114196	-0.069241751	6.717758958	0.018278734	0.100118463	0.285511122	-0.089730161	0.006700872	-0.233965718	-9.881977986	0.256595845	0.108393186	-9.732714414	0.099079774	-6.437848765	0.059058089	0.171400301	0.113762275	0.046040748	-0.005231901	9.797667357	0.265424953	6.569937253	6.599491594	-0.053127239	0.163895404	0.030860964	-0.075785306	0.124290921	0.002553443	0.054447784	0.036166138	0.140990101	-6.704232556	-0.05948738	0.130724612	0.098022341
CD40	9.882772688	-0.040920255	-0.007138535	6.569840467	3.310078245	0.014411508	-0.005641044	-0.003958714	-9.879422265	0.041539195	-3.250080679	9.893938748	6.675231857	-3.285695778	-0.012624539	-3.281084336	9.894207891	-9.844441643	-0.068479738	0.000206761	-0.040316596	-0.003151044	9.942781054	9.894515223	-9.739641872	9.929081304	-9.910895021	-0.021062116	-9.927562208	-9.851732684	9.867619763	3.185137774	3.336095903	3.350124852	0.004224586	6.58283501	9.880412096	-0.015782997	9.926228663	-0.028356479	0.009944761	6.664597171	-9.855533421	-9.824282919	-9.89325596	9.834165569	0.009387665	-9.866112556	0.086987233
MCP-2	0.12765378	0.031173943	0.183321064	-3.163707403	0.118971315	-0.038699356	-6.361742146	0.122219142	0.131576695	6.88073063	0.071857154	0.18815691	0.059995826	-3.349219372	3.461216533	-6.504263851	0.100970817	0.193677835	0.058983814	6.837555528	0.088627812	0.116618453	0.204370997	0.242987347	3.656350797	0.064821478	-9.794314421	0.131601475	-9.730989669	0.146416639	0.055623462	3.375195783	0.06017645	0.09876677	0.032176413	0.113457252	0.066636394	0.062167824	0.146052753	0.208423211	0.065472499	3.513839636	0.16865971	0.11438048	0.143467093	-3.19039631	0.03280871	0.222667181	0.199139896
TNFRSF9	-0.064736641	-0.13933548	-0.063586125	-0.027731616	0.160398896	-0.046055696	0.077087493	-0.007718412	-3.293707577	0.125029799	-0.018523526	-3.328434169	0.038016609	-0.067462902	3.376618331	3.246149027	3.35745188	-0.051936128	-0.051405155	0.159008421	-0.005332046	-0.013384941	-0.123549065	0.035157251	-3.216815444	0.177733792	0.050216192	0.0699187	0.056182075	0.171440017	-0.107526069	0.065000355	-0.012976268	0.006734926	0.0406282	3.384698117	-0.033684635	-3.336311618	-0.004469117	0.072699155	0.004545336	0.045881173	0.045616795	0.063960556	-0.01946005	-0.044336045	-0.109031247	0.155997058	0.103895327
FGF23	-0.119969266	-0.408072314	0.279792992	-0.039812409	-0.644031381	0.055378709	-0.273735189	-0.161980882	0.048952755	-0.795861691	-0.522175793	-0.125447414	-0.336731588	-7.38584814	-3.738068354	0.438506576	0.317337686	-2.09254857	-0.581590049	0.380929771	0.143053796	0.432266632	-0.495525119	-0.20918767	0.357143561	0.194935219	-3.66732502	1.812657679	-3.119371864	0.390615731	-0.748790639	-0.484093736	0.197010809	-0.229090461	-0.892128025	-0.162461459	-0.375473221	-0.330452332	-0.695544269	2.713907716	-0.150600105	0.257131381	-2.672789148	0.023570811	3.665149861	-0.472599763	1.260817032	3.830816285	0.462247339
TWEAK	6.578453344	-0.091311619	-0.056919122	-3.330185474	3.34029407	-0.052518711	0.054481223	0.021133851	-3.267660671	0.027680566	-0.001993951	0.051015253	0.006837426	-0.066818014	-0.016336359	0.014851822	-0.015715488	-0.05569044	-0.044214175	-3.280411357	-0.012820282	-0.026632013	0.003124648	0.007138878	0.053941527	0.109412152	0.053607728	0.069396548	0.016259203	-9.818138135	-0.080391411	0.017455035	-0.0775219	-0.014232247	-3.262910443	-0.022222513	-0.059718232	-0.010439543	0.026116808	0.057581413	-0.067450392	0.037982267	0.029900522	0.037759745	0.000558558	-0.018219792	-0.089724654	0.105465476	0.061321342
OSM	3.232249702	0.123274688	-0.538093083	-0.241856883	-0.072736661	-3.006529269	2.722991345	0.335157695	-3.226772865	-0.421764402	-0.261023262	-1.157786895	0.393912445	0.207231931	-4.013024026	-0.136191005	-0.185034952	-0.135921022	0.439468693	0.340822356	-0.670957068	2.622984938	-0.123848547	-0.458711982	3.981201698	-0.059605611	-3.493476241	0.37789288	-0.271320163	-2.483696849	-4.249666349	-3.835834428	0.643460826	2.908116605	-0.744495177	0.518899566	-0.062850513	-0.601689251	0.03600332	-0.975890064	-0.174259388	-0.149392027	3.576289839	1.329017039	0.767799878	0.449195445	0.038598602	0.197992156	0.449082625
MCP3	-0.206809512	0.117255489	0.068636154	0	0.334737554	0	0.314963682	-3.244500215	0.169140119	0.399907658	3.041183292	0	-2.909769218	0.285882357	0.41958165	-0.285132921	-0.233941083	-0.91402874	0.184287313	3.557885378	0.232826588	-0.001231471	-0.008659155	0	0.163835696	0.291964423	-3.02490974	0	-0.09918062	-3.071331429	0.463711136	0.597366913	3.158950521	0.567183917	-6.766360686	-0.05692016	-0.355742879	-0.181984503	2.934286114	0.233318945	0.245846146	0.38645894	0.364375152	-0.312554383	3.354425189	-0.073125376	0.341152101	0.184868307	0
FGF-21	-0.008989384	0.123592148	4.163162746	-0.020398014	0.055339129	-0.683008287	1.04238479	-0.015370555	1.11878428	0.154699043	3.695827563	6.384719559	0.148951725	-0.306830113	-0.016993114	-0.357522089	0.266640896	0.565818818	-0.580840821	1.089721391	3.838534391	-0.097373485	-0.901022594	-1.428194493	0.425705627	-0.073063337	0.412440937	-0.120702222	-0.333654836	0.563747661	3.197599296	-0.530367514	-0.029901772	0.274679564	2.307863495	0.339957735	-2.102278605	2.447875081	0.379446324	0.823101206	-3.30919757	0.42490681	0.110073692	0.44603571	1.030657076	-0.353256624	3.254757342	0.236816681	-0.247028553
CXCL9	-0.084699336	0.175446345	-0.027295458	0.043922911	-0.01219079	0.109516762	9.27658047	0.214578276	0.269988579	-2.745982595	3.473943899	0.089619164	-0.255215034	-0.041766336	0.065116369	0.044503562	-3.067002164	0.264619263	-0.141476273	3.495326615	-0.238628269	-0.275169626	-5.937078354	3.128654886	-0.201564513	3.223773383	0.14111953	-0.08146104	-0.059509244	-2.989725836	3.009449741	-0.233368169	-0.051859895	0.187169683	3.385888518	0.009342125	-0.094274453	0.333086543	0.116613597	-0.215547535	0.328664986	-0.465997828	-0.061347388	0.088543125	0.31388033	-0.114300177	-0.192465017	0.169602924	0.1303243
OPG	-0.017998713	-0.069124044	-0.03491037	0.025710769	0.076577188	0.007527199	0.033441821	-0.002745507	-0.011906146	0.004590282	3.298811326	0.140312455	-0.073734482	-6.676724907	0.015953417	0.070644263	-0.01807272	-0.026782718	3.305069127	0.022376526	-3.356381609	-0.001863372	0.024387841	-0.005371361	0.072740373	-3.257101336	0.05607337	-6.604552307	0.00275086	0.107581498	0.005196083	0.022074955	-0.016948349	0.077015542	0.04506331	-0.017744415	0.049058768	0.029318977	-0.044388994	9.765147118	-0.028422776	-0.068561846	0.040770287	-3.280500663	9.883391803	-0.0511631	0.031361661	-3.220921643	6.684986713
IL18	-0.021836516	0.157033184	0.159418438	-0.001051844	-0.045783606	0.121867948	-0.053418281	0.079984655	0.515715998	0.280235645	0.221493533	0.114257725	-3.300127153	-0.01712902	0.254598916	0.162298137	0.099551001	0.142740473	-0.147875668	0.161316275	-3.324053761	-0.05712686	0.219442094	-3.333097577	0.405417409	3.447688095	0.132664752	-0.226171554	-0.10227906	0.218300886	-0.148730395	-0.102436608	-0.177467799	0.070494645	0.042481137	0.04652335	-0.065105025	0.117218814	0.057567924	0.082711173	0.047278401	0.16661609	0.211239783	0.052768565	-3.324606533	3.210063852	0.034241235	0.162901179	-3.179394502
IL-12B	-3.387367386	0.343276941	0.024451378	-0.090875074	0.312967369	0.166570692	-0.164913202	0.181285946	0.187981324	0.17223896	-0.020198831	0.125571932	0.02914929	2.995977777	-0.197736841	0.122229028	0.536797274	0.612984258	0.08402581	-0.328369438	3.29885037	0.131923532	0.312135006	0.106283395	0.446074294	3.657026492	0.279090889	-0.158195147	3.347301525	0.176929507	-0.330732029	0.357838501	-3.126955588	0.637169335	-0.347861503	0.266554189	0.085872786	-6.780842098	-6.832583544	-0.013262166	0.117777212	0.380327936	0.196200824	-0.519558766	-0.324087806	-0.417037196	0.847703444	-3.147067891	0.261358801
RANKL	-3.457878151	-3.433120383	0.080074054	-0.109549874	0.268248522	-0.809846017	0.018954543	0.253678007	1.158264351	0.236506431	-0.114923623	0.354920206	-0.045553143	3.125210876	-3.705017893	0.557277413	-0.091044264	0.902646483	0.501922682	0.001886988	0.625094962	0.114157301	0.763933991	-0.069585581	0.37320356	-0.054494824	0.378983782	-0.88181286	0.115821217	0.107529566	0.127937567	6.572854849	-0.209355597	-6.293168903	-0.101385729	0.355774344	3.734052578	-0.233710753	-0.374515186	-7.16825322	-0.784259753	-0.005096321	0.165809364	0.326822278	0.025151159	-0.240554867	0.178979277	-3.293199857	0.062373608
CDCP1	-0.11432393	-0.315787163	0.020204169	0.31386479	0.625234427	6.341798801	0.033485422	0.102443438	0.12835259	0.301451444	-0.396501865	0.675637932	-0.470784014	0.245414768	-0.232333322	-0.284189427	0.206399979	-0.87005858	0.060615849	0.672517478	-3.301758278	0.151299102	-0.123482501	0.356906375	0.221017493	8.389125175	0.375990355	0.550229951	-0.164126476	0.359004182	0.217553769	1.03605592	-0.055561458	-0.174078307	-7.243560962	0.437998922	0.877798827	3.139525637	-0.196841265	0.631719767	3.134155546	0.057561208	-0.561159504	-0.262402594	-0.194026865	0.50350802	0.337817367	3.709823746	0.254845835
MMP-10	-0.100234114	-0.178728602	0.283959196	-0.422521613	-3.417502834	-0.043024927	-0.239065269	-0.226127088	0.365131693	-3.239344842	0.098856094	0.309407008	-0.449342674	0.59192833	-0.26866822	0.158914541	-3.655491672	0.283075593	-0.293004579	3.493630276	3.251608877	3.305599101	0.172876482	-0.046510301	-0.034400189	-3.541032628	-0.121157915	0.071737057	0.261535631	0.382944773	-0.06973085	-0.453258181	0.529111232	-0.031714561	0.20726773	-0.262114417	0.076319525	-0.189828264	-0.469655253	0.059773632	3.252710201	-0.281587497	0.247232826	0.220758307	0.329436914	0.118915617	0.150905991	0.02629832	0.210880456
PD-L1	6.590173586	-0.066028856	0.148187934	0.055883912	0.067869613	-3.30841548	-0.12308159	0.00652746	0.090560202	3.317495907	0.007940476	0.108042153	-0.129318102	0.181450194	-3.310459863	-3.028632476	0.082391594	0.219114506	0.092755131	0.061379045	-0.092054456	-0.015062338	0.314487798	-0.071711361	-3.042013539	0.077590543	-3.24630636	-0.15897401	-0.017175244	0.140012405	-0.134738033	-3.226902031	0.195513019	3.500122783	-0.202916177	3.170531103	3.183439065	-0.04782625	0.037375058	-0.275902271	3.313735106	-0.144917372	0.143665864	0.162723964	0.077674491	-0.105567149	0.13054363	0.126823852	0.191135072
CD244	-0.059757227	-0.118965595	-0.042086756	0.013509321	0.112688094	0.004702299	0.039445349	0.023420116	0.041876473	0.018038283	-3.25530499	0.088485627	-0.077589484	-0.138290072	-0.075157875	0.061674362	-0.007953973	3.300527566	-0.00086746	-3.203220629	0.002146649	-0.040138183	0.018079766	0.041249348	0.130574366	0.030650081	0.077640953	0.103917431	0.033630711	0.191398136	0.094874275	0.011759799	-0.036846087	-0.041925991	0.201909644	-0.017239646	3.453023025	3.351525899	-0.105225061	0.07193553	3.232317009	0.088230473	-3.299874209	-3.27501593	6.700146049	0.083177221	-3.437958538	0.170278176	0.066760739
ST1A1	-8.31025406	-0.961594961	-4.097482855	-1.481417161	-0.616652662	4.014455313	-0.423245647	-1.051238502	7.712843596	-0.365481353	-1.416748385	0.388475881	0.171704007	4.769652896	6.919735055	0.812466593	-8.220932129	-1.170075446	-1.119926749	8.185009952	-5.332105118	4.814534762	-8.221919274	0.303003437	0.948349081	-0.710040776	0.033659089	0.096353454	8.241559031	1.160814402	-7.995988532	-8.065765388	-8.394655726	-3.440557103	-7.24985919	-0.128380683	-0.445692119	-8.269070901	4.047800721	8.32009323	-0.160592345	8.437421977	0.93357775	-3.059259422	-3.407952095	0.414659847	-0.10710657	-4.353827928	8.388479129
IL6	-0.282446261	0.971475852	-1.44123841	0.333101001	0.144783752	-0.593292921	3.643952515	-4.63947371	-0.009805692	0.187907544	-0.408577222	2.874254702	3.77052611	4.26922059	-0.12492483	-0.733126097	-0.962988836	-0.946203877	0.06904429	0.618363083	0.149573075	0.152330454	-0.444692329	3.330332823	3.553352537	4.728342958	0.006189412	2.860565439	-4.052824261	1.482494864	4.069721161	4.410710638	-0.456382517	-0.261172607	0.124114244	3.452390669	-0.502721385	-0.508475695	3.311686267	0.749409046	0.437036589	-0.011157617	0.255235627	-3.808500559	-0.963153813	-0.641972594	0.441968505	-2.918038951	0.217397619
Beta-NGF	-0.777635917	-7.931177987	0.428742406	0.309775064	-0.296087791	-0.446038821	-0.005914048	1.568769608	-0.768025891	-0.405047512	-3.698948632	0.391255014	-0.998368053	0.052554708	0.145514764	-6.955056761	0.270888003	0.009016873	0.207509387	-1.37171805	0.529850829	0.480044965	0.188657897	-7.210438256	1.285847062	8.94548841	0.398467043	-0.019668668	0.107212343	0.684155537	-8.798444892	0.325827154	-0.583084043	-0.628155515	-0.593563976	1.009640219	-1.21500917	-7.991191393	1.030563103	-2.84036673	8.699604639	-0.20254041	-0.546224775	1.121497943	-0.570131632	-0.142911576	0.14391498	1.006158924	0.884721477
CXCL1	-3.417186616	3.237157328	-3.330151309	3.211902366	-0.007313409	0.177130011	-0.015751666	0.015393086	-9.930815679	0.059168201	-0.094144457	9.833641261	3.330846666	-3.377901782	9.838747718	3.453381841	-0.12159665	0.14263033	-9.897213463	-0.10800173	-0.281056931	-0.007916333	-0.00266064	9.848452882	-9.695506238	-0.031486666	-6.516637501	0.084653587	-9.753000691	-9.89438622	-0.086021424	-0.298209564	0.024137084	0.006648888	9.857482081	0.005896503	-0.033344227	3.202414747	-0.16917103	-9.701995797	-0.049915666	9.810299416	0.051287706	-0.197680668	-3.103812402	0.098726368	3.255351472	0.085504642	0.166771452
EN-RAGE	-1.745338539	-0.290839411	-0.727228911	-1.283952604	-0.240455048	2.707067922	-0.375691982	0.150987289	3.91200906	-0.673439406	-4.572191263	-0.889183761	7.204217347	0.086755313	0.039167893	-3.470888913	-0.264919177	-0.971936048	-0.4971551	-0.101510091	-0.152230301	-0.040686535	-0.566304704	6.233267789	0.359991278	-0.471060834	0.162686001	-0.078330026	-0.453683835	0.538624852	-0.571914439	-0.301993729	0.199029181	-0.715639086	-0.516880672	-0.225014983	0.703521134	-0.77131573	0.224369407	3.085763367	-3.937426794	-0.124969783	0.631848888	1.143373924	0.387286357	0.830994615	3.196805693	0.330732295	1.454210204
