Probes	G104	G108	G109	G110	G112	G113	G117	G123	G126	G128	G132	G133	G134	G135	G136	G139	G142	G144	G302	G303	G304	G306	G310	G316	G319	G328	G332	G337	G356	G358	G359	G360	G362	G363	G367	G368	G373	G374	G375	G379	G382	G383	G385	G386	G387	G390	G391	G395	G397
IL10	0.557744948	-0.011300236	-0.126253804	-0.157595226	0.538649576	0.271717742	-0.839344048	0.160332521	0.871862456	-0.060256285	0.372155674	1.107067652	0.442653761	0.857746618	0.216752979	0.37009255	-0.55431848	-2.837646533	-0.036594015	0.206437055	0.176427202	-0.159113697	0.198473192	0.113556772	1.121731827	-3.000120228	-0.029247398	-0.092579767	0.062812173	0.506367048	0.34008555	-0.486592117	3.476335323	0.137837939	-0.159252172	-2.938129892	-3.120864926	0.043358687	-0.040135633	0.279953449	0.596237671	0.188882034	0.443153101	-3.050317818	0.210161009	-0.156146967	0.094080347	0.265132262	1.104269423
IL-10RB	-0.066894899	-0.133839227	-0.000171439	-0.043821938	-0.170118714	0.122224306	0.079273314	-0.083233394	-6.441765824	-0.079055947	0.046566471	-0.022985016	-0.084833071	0.172224313	0.053128525	0.079793935	-0.199546786	0.018810696	-0.121227528	3.411258648	3.351673254	0.062647626	-0.083889533	6.616347603	3.349795705	0.05997262	-0.03884419	-0.060997913	0.029100348	0.096870923	-0.084485722	-0.394857484	0.027115973	-3.302375488	-0.065724367	0.010441371	-0.035646842	-0.006316239	-0.116650351	0.080742289	0.087956651	0.003748478	0.160714548	-0.026882687	-0.003547633	3.266035581	-0.001055048	-0.069417441	0.139288486
CCL11	0.008437794	-6.66631058	-0.033000655	0.031362615	0.020408498	0.010809193	-0.02599499	0.013448438	0.122073693	-0.004788411	0.018783515	0.029917657	-0.013445678	0.03015882	0.012912746	3.319222073	-0.039685234	0.059777101	-0.038653543	0.017314831	0.1022834	-0.093897323	0.028037565	-0.045068119	-0.019876537	0.018080427	3.396616378	0.069684044	-0.001766459	3.268357797	0.002753041	-0.057274585	-0.047112288	0.009517087	-3.339102843	-0.001799383	-6.650744279	-0.015762613	0.027069014	3.363601373	3.339279294	-0.026930769	0.019103603	-3.293383814	3.321693741	-0.018450833	-0.017980452	0.020212323	3.409359474
MMP-1	0.054835866	6.543044378	-0.142475482	0.12025136	-0.029769266	-0.309573293	-0.253906467	0.192986908	-0.028877077	-0.105338201	0.05246742	0.01632817	-0.045105964	0.025237291	-0.00119875	-3.421343539	-0.146452867	-0.170318804	0.001095857	-0.102640042	0.180132467	0.279806416	-0.16585074	6.20435791	0.189098666	-0.013984229	-0.095369644	-0.174266549	-0.002376763	0.072466239	-0.026336895	-0.159604816	-0.107502501	-0.012106603	0.008156601	6.637969123	-0.034990277	-0.175374677	0.039883536	-0.032421478	0.075183477	-6.839430751	-6.619505794	0.087808621	0.032567862	-0.025950675	-0.021358582	0.037742094	-9.836833451
CCL3	0.251757593	0.011085687	-0.068259127	0.16427578	-0.10615847	0.304854214	-0.093258908	0.269737509	0.296115003	-0.195233584	-3.208704447	0.240753797	0.123318121	0.315466608	0.026073356	0.027484237	-0.142961259	0.303238558	-0.155451584	-0.083810579	-0.356375261	0.331528392	0.125046596	-0.227243273	0.348207335	3.430616136	3.644557282	-3.134139456	0.033523034	3.319052914	0.10603055	-0.554216502	-0.364373856	0.017184469	-0.143667811	0.087495543	0.180045696	-0.156293467	0.10363428	3.431018956	0.229418689	0.153758148	0.180300676	0.339103299	0.050932989	3.311797868	0.022386872	0.148435232	3.652915037
TNFB	0.30495318	3.2767299	0.031878048	3.382079891	0.276384175	0.493940099	3.449294945	0.289591902	0.288227691	0.17204465	0.112062218	0.028144654	0.098172374	0.078775245	0.158089522	-0.028653041	0.215560338	3.327565421	-0.109969067	3.526262478	0.162760146	0.070120702	-0.181714771	0.097511407	-0.064493957	0.054275024	0.117324711	0.435463545	0.167164653	0.180597786	-0.152748142	0.147103157	0.017048102	0.206114905	0.171988016	0.069105316	0.19725448	0.281928513	0.123527786	0.118601261	0.062608867	0.145517209	-0.029718462	0.182200756	3.072255315	0.030783515	3.284726163	0.137937372	0.258405408
TNFSF14	0.180588858	-0.392322929	-0.457942098	0.272828072	0.091115135	-0.787371647	-0.217107444	0.299599078	0.074562762	-0.769937402	0.260045567	-0.349129599	-0.134310888	0.075716476	-0.038591449	2.808982585	-0.625840418	-0.332712647	0.182162197	0.014796341	-3.983645454	-0.168449175	-0.019978338	-0.553330754	0.408935193	-0.160405866	0.075124498	-0.219712759	-0.134633162	3.017028052	-0.488516335	-0.460238563	0.118425533	-0.464303079	0.040838312	-0.016012561	-3.408473003	-0.549023546	0.287546294	-0.061360499	-3.404494005	-0.544883666	0.188880939	0.314611565	0.163539587	-0.335183105	-0.074522494	0.102105569	0.427059094
TRAIL	-3.173281318	3.429666449	3.370049553	0.062125408	3.340331392	3.512122243	0.069700236	0.123114179	0.441687583	0.024397124	3.399472284	0.176527173	0.131816273	0.210075211	0.03995646	0.112338917	-0.124009834	-3.089072407	0.035448289	0.14858817	0.194636219	-0.014230744	0.23413243	3.255201795	0.184871395	0.191954577	3.419869146	3.355916681	0.046636178	0.094453903	0.177242123	-0.11871466	0.071700095	0.183362281	-0.035428292	0.118763626	0.120453455	0.095181269	0.159023612	0.113770528	0.105051743	0.10448376	3.489457168	0.199840804	0.126717084	-3.303456234	0.035899372	0.113669858	-6.409340292
CX3CL1	0.235675752	0.036425966	0.046011069	-3.258354368	0.275777133	0.390237365	0.150758335	0.251913079	0.352991681	-0.147440568	0.183102227	0.228985782	0.067466632	0.059292555	0.121662698	0.118397002	0.208961919	0.073479688	0.083483668	0.38027451	0.302180796	0.097734002	-3.350185379	0.09026624	0.158719654	0.198630717	6.983767325	-2.673079081	0.126559677	0.262446464	-0.169889758	0.183661361	0.057924349	0.28852687	0.293354598	0.270968945	0.119737883	0.119934642	0.145218095	3.528526759	3.407559902	0.1218481	-3.326723298	0.122297275	-0.180601268	0.197705362	0.046216035	-0.048777304	0.383471201
CST5	-0.009715222	-0.043862935	-0.029672296	-0.05130778	-0.233648616	0.105839043	0.273934631	0.048610956	-6.51037485	-0.14065414	0.044594062	-0.025458382	-0.051851069	0.082008381	0.01066805	0.028433777	-3.453153083	0.0902436	-0.010320616	0.053058548	0.046842082	-0.054908594	0.108157264	3.122094006	0.005219423	0.082135781	3.51215571	-3.485932253	-0.02188517	0.234583064	-0.027253297	-0.229831693	0.142712895	-0.02903396	-0.074192584	0.011877431	-0.039514274	-0.005612388	-0.07077277	0.072144023	0.127644384	-3.308415685	0.117855582	0.016901603	6.619671351	-0.103878965	-0.064215544	-3.298758102	-0.018636276
TGF-alpha	0.032722486	-0.337247034	-0.1631853	3.935771022	0.252928532	-0.338965426	-0.258691386	0.159944184	0.315567085	-0.752598313	0.077744213	-0.686949497	-0.261397111	0.246206377	-0.453248602	-0.256282132	-0.425330704	-0.091017347	3.049892364	0.371727756	-0.56598495	-0.223461026	-0.216600434	-0.286688704	0.835300768	-0.066647388	-3.557405613	-0.2021004	-0.214376032	3.31881143	2.701488838	-1.077651456	3.482030687	-0.837753447	0.036676921	-3.383377333	-3.559600399	-0.151281101	-0.490176977	0.150020949	0.019197979	-0.190080413	0.365011805	-3.198154331	-0.223439066	-0.159524835	0.065680707	-0.169776129	0.175705779
IL7	0.216141386	-0.83408972	-0.553804287	3.62619015	0.032366075	3.229576398	-0.072299373	-3.483105375	0.267729028	-0.47217955	0.305829518	0.32684679	-0.276753291	-3.656710847	-4.40148623	0.446002955	-0.062778651	-7.81743837	-0.070987749	2.837580756	-0.444642707	0.115211408	-0.095133093	-3.655366998	-0.067896528	0.768784718	0.409172165	-0.218387291	-0.062249867	-0.55667431	0.420667875	-0.745910056	0.023937092	-0.185952099	-0.499407277	0.484623412	0.396057372	-1.008357385	-0.526427295	-0.210921904	-0.519890868	-0.918015653	0.94150009	0.333557404	7.804927912	0.052588911	0.134023764	0.139121402	7.631583092
MCP4	-0.042228235	-0.032947593	-0.018285353	-6.646223934	-0.030658423	0.138996134	-0.017376569	-0.052011996	0.052020206	-0.08480662	0.027276613	0.031384239	0.002633457	0.07810308	0.0282801	-6.672514915	-0.045391903	0.019692601	-6.664629213	0.015716795	-6.589902067	-0.068842202	-6.701439081	-0.137773548	-0.057734432	-0.000888086	0.186383424	0.05065782	-6.696909855	-0.127934974	-0.004518309	6.51683349	0.001917203	0.026651528	-0.040026894	-0.014391092	0.010922664	6.617702156	0.004823458	0.028014376	0.032360872	-0.000915125	0.047868452	-6.555868083	-3.364339743	-0.020981708	-0.022665162	0.02054912	0.099286482
uPA	0.0326895	-0.004111398	-0.016800407	0.034723343	0.092033332	0.12046487	-0.009031657	0.077357095	0.065102402	-3.324689373	0.021879381	0.079537004	-0.049926398	-3.350077434	0.011360744	-0.141990548	0.070871398	-0.073770863	-0.023388985	0.049002292	0.045304903	-0.018850425	3.329927616	-0.003583955	0.048597484	0.173001429	0.05891577	0.160080125	-3.280899235	-6.592834847	-3.387367446	-0.028672612	-0.046654626	0.051434971	0.062568234	0.074600882	0.033854293	0.117691946	-0.130810519	0.163474415	0.069478612	-3.309691971	-9.863831107	-0.083617778	-6.660707524	-0.007386806	-0.031346183	-0.022710841	0.063770505
CCL19	3.488531254	0.131033341	-3.184226639	0.132895556	-0.017787818	-3.072555444	0.101890046	0.046709787	0.436824196	-0.055137774	0.164739127	-9.865337857	0.043980568	-9.808430077	0.162528965	0.080030515	-0.005399258	0.306101412	0.11074963	0.148577111	-0.037632345	0.195506703	0.266781267	0.054870992	-9.40989917	-9.762486233	-0.24151923	0.169396981	0.1128582	0.246865243	-9.839132196	3.152984534	0.034944538	0.133969244	-0.022098101	3.404941156	0.067794552	0.104767639	0.100184155	3.398795295	-9.788034351	0.169959148	0.131886494	0.208940684	0.024403224	0.037067772	-6.53941494	0.181478462	-9.701513318
CXCL5	-9.911244989	-0.091477528	-0.111779744	0.06843595	-0.193674227	9.820177487	0.177552392	-9.816842446	0.032035782	9.70042944	0.044394119	6.61656352	-0.03876957	-6.60960552	0.083384894	-0.033978084	9.756273014	9.788272105	-0.020427882	-0.112612516	-0.139702853	0.137973534	-0.022953985	-0.26901021	0.0	6.654121238	-3.119099658	-0.025712077	-0.019452363	-0.002689088	-0.020833503	9.706275783	-0.126358963	-0.067933676	-0.009668648	-3.341759006	-0.070874757	9.693015838	0.0	6.672350963	0.040229845	-0.188146285	6.70436346	0.06552875	0.053789253	6.628166523	0.025686644	0.025654589	-6.498468538
SCF	0.029965274	-0.004777558	0.000816974	-3.325250932	3.402782965	-0.052387107	-3.381100724	3.415986506	0.171179943	-0.018134919	-9.950142977	0.020872322	-0.015331485	0.075736496	3.334010592	0.051259685	-0.077463135	0.02451237	-3.323939692	-3.243060159	0.024872676	-0.054822739	-9.832575158	3.314552667	-0.047127176	0.038868625	0.04492403	0.040531789	0.014192664	-9.932873191	-0.002204761	-0.109090716	3.359621909	-0.002004053	9.956074685	3.366216549	-9.949961157	0.001395931	0.011326095	0.023007457	0.046221521	-3.294408955	0.033049283	-3.301798976	-3.296166698	9.943346485	0.017352708	0.019040724	0.067109204
FGF-19	0.009608323	-3.252609497	-0.066777787	-3.859123863	0.313262472	-0.039615472	-3.414618455	0.20504562	0.077130356	-0.279784415	-0.077184982	-0.03122407	3.357315147	0.272767429	0.266620406	-0.072504312	0.12306181	-3.415056489	0.154312791	0.259219904	-0.107607588	-3.325665215	-0.303464944	-0.135280734	0.486234374	-3.317092389	-0.160177988	-0.036715101	-3.326947833	0.126802829	-3.660714873	-0.041184388	0.113789384	-0.008474826	-0.077168997	-0.305374466	-0.297171454	0.168289102	-0.097400475	-0.093318395	-0.067754565	-0.110726108	0.124292605	-3.437485508	3.255517682	-0.10125099	0.237843063	-0.019463411	0.116247281
VEGFA	-3.250204883	0.006904084	-0.046065614	-0.058802338	3.425379904	3.269944007	0.054539628	0.018486151	0.014067133	-0.030328918	-0.022214234	0.047848385	0.011255149	0.057923539	0.054781764	-0.189079111	-0.109239431	-3.429712461	-0.08365272	0.1104142	0.020814739	0.054594844	-0.035750447	-0.00415569	0.049571389	0.156620854	-0.015554408	0.183814231	-0.156102923	0.053162368	0.069823276	-0.081924291	-0.067938716	-0.087963259	-0.006525221	0.051887161	-0.171392844	-0.073308966	-9.736799834	0.179292013	-9.827496145	0.044006469	-3.288120009	0.046135389	-0.057473305	-0.130738023	-0.031885328	0.022265906	0.130480555
CXCL10	-9.519047813	-6.450321729	-6.3980084	-3.057558513	-9.741649308	-2.731090106	-9.698986453	-9.595237112	-9.436353052	6.725765342	-9.645611951	-9.609511035	0.232023939	-3.093187022	-3.123557775	-9.75014469	-9.865996735	-9.568424907	0.074537298	0.194912132	-0.056668441	-9.529227068	-9.577381619	3.290685269	-9.657993335	-6.279708661	0.36323173	-9.683532506	-9.662591907	-9.487505412	-6.357826126	-0.091707336	-0.033040572	-9.692020559	-3.282002662	-3.114109648	-6.356640189	0.179025696	-9.640189561	0.145197916	-9.591845096	-9.774832158	-9.765898458	-9.626683572	-9.746375194	0.153790517	0.182246252	0.249880648	-2.886481072
CD6	-0.112251377	-0.378028544	-0.324027069	-6.264357902	-0.327423232	-0.37876233	0.076867078	0.183209004	0.266638713	-0.229393354	0.021516998	-6.612372151	-0.30722892	0.143518326	0.012714397	-0.143939848	-0.400392956	0.002551247	3.338717277	0.127630686	-0.278076806	0.207250884	0.093041281	-0.104446387	0.123831455	0.026323431	0.044665041	-3.437961185	-0.007490685	3.186557952	-0.062997702	-0.559122028	-0.066120492	3.255192062	-6.605586419	-3.37555714	-0.135007233	-0.07923279	-0.056971206	0.07431575	0.004377368	0.043656701	0.200037727	0.030220337	0.059037397	-0.149641812	0.080219763	-0.091979229	-3.060213135
AXIN1	3.230899857	-0.411810443	-0.886339483	0.27617744	2.274285474	-0.822394324	0.164482863	-7.401573963	-2.796620202	-0.993852332	0.729343067	0.454078319	0.130066987	-0.214383233	0.557403959	-4.525792765	-0.897890331	-7.571982579	-0.100580061	-0.707888524	0.311874892	-1.040839752	-3.356909686	-3.648864183	0.401308557	-0.011342141	1.134109841	-0.779636715	-0.022595397	-0.618136028	-0.034197948	-0.60236588	-0.054773738	0.32849861	-0.010665914	-0.019407389	0.363482617	-0.675514327	4.2286808	-0.193761843	0.058180115	-3.875513314	-3.159499352	1.020380132	0.773080311	3.106315791	0.64693498	-0.016782717	8.065746548
CXCL6	0.101977711	-0.034444269	-0.05669751	0.093231238	-9.741209473	0.055375085	9.822677976	0.164325784	-9.911722591	9.707326072	-3.215197972	-0.043403124	-0.013970246	0.081241353	-6.517998885	-3.286835844	-0.088283629	-0.007762061	0.04096032	0.043249825	-0.039873046	-9.693475537	-0.15562671	9.675022736	0.223967398	-3.254989361	0.092426631	0.01392082	-0.013823834	3.292925586	-0.040883313	3.10401563	-0.010908497	-0.01531995	-0.014428334	0.013351271	-0.019978292	6.50856329	-9.897723114	-3.257927862	0.103130878	-0.070383965	0.128978848	0.189646123	0.040022611	0.060254124	3.332859281	0.038533481	0.225097775
HGF	-3.306018108	-0.090009345	0.015716548	-0.003190057	-3.46083449	3.208552117	0.068496574	0.076590177	0.162253384	-0.167596743	0.052622869	3.191765245	-0.061829781	0.094248946	0.04366356	-3.363907572	-0.153315657	-0.009765895	3.323190793	0.079376057	-0.149933634	-3.414193047	0.021146326	-0.113065238	0.051587436	0.048413392	0.002197936	-3.290205606	-0.042076559	-0.011026332	-3.449793031	-0.192905845	-0.012591675	-0.111336034	-0.012261467	0.04495622	-0.041739694	-0.070113305	-0.013856319	0.035974975	0.032512607	-0.017971007	0.10907874	-3.344971441	-0.011028014	-3.391869804	-0.038470024	-0.008988024	0.109834623
Flt3L	0.082323568	-0.076904947	3.264965452	0.015117949	9.68153678	-0.117285452	-3.034291005	0.219140113	-3.177423672	-0.087131646	0.055534016	0.026957975	0.008081989	0.074726755	0.023821741	-0.030246498	-0.139574533	3.414696776	-0.020469983	3.394620504	0.004233555	-3.22761422	0.081218927	-0.10071321	-0.02875877	0.025127369	-0.008868356	0.029940983	0.003518045	6.730075438	6.608635905	3.159489075	-0.090765186	-0.007877215	-0.074374165	0.00571804	-0.021754125	3.293341806	-0.028167751	-3.218403779	-3.294978008	0.059991535	-3.267306425	0.012661898	-0.018101928	3.22631866	0.064028554	-6.652596928	3.425148867
CSF-1	0.097765573	-3.33036305	0.01240513	0.006433862	0.106025949	0.079628972	0.053232196	3.395133035	0.094746891	0.002469483	0.054967831	0.051371212	-3.261649081	0.037883344	0.044172628	3.352697725	0.097608177	0.006694697	-3.307741465	-3.155853783	0.094330678	0.043653824	3.272079578	0.03663482	0.09548779	0.023187717	0.068655306	0.101889344	0.020350192	0.07237039	-0.051777688	-3.286373269	-0.029913228	0.084560244	0.062034475	0.039737182	0.023344994	0.057855699	0.013786806	0.058128106	3.347545227	0.053832547	-0.046224644	0.056754313	-0.110556258	0.03938919	-0.014265718	0.034120017	0.093429061
CASP-8	-0.47441964	3.423084278	2.452029442	-3.878955809	-4.004574887	-0.296989608	-0.45848858	0.288458483	-0.564836636	-0.493138954	0.294463163	0.332850855	0.017432219	3.381606423	0.154239163	-0.95665515	-0.132332874	0.314142573	-0.724414953	-0.267492401	-0.975017109	0.05561565	-1.529918788	-0.050711858	-0.060002705	-0.428139927	-0.377788505	0.361270479	0.393726564	-3.388063809	-0.833141957	-0.346946886	-0.135602389	0.146828481	0.283558768	-3.169080754	-3.565118956	-0.379181735	-0.210897947	0.210732026	3.512055089	0.743248848	-0.378393782	0.156260317	-0.510238618	-0.271008358	-0.005402269	-0.019285933	-2.585674297
CCL20	0.183299979	0.082596641	-0.425028389	0.178739309	3.755337987	0.063574155	0.044368601	-0.02921908	0.056152208	0.176291123	-0.32368282	-0.206452201	-0.275191024	-3.424130573	0.18621222	0.024226118	0.201581533	-0.173275158	0.072140917	0.109509399	-0.05382826	0.087688948	0.040765096	0.20901753	0.672811046	-0.015304485	0.111192782	-3.267058627	-0.036594358	3.619653434	-3.353765053	0.18384862	-3.429963098	-0.163875037	-0.032853824	-0.223028675	0.170885529	-0.181819044	0.110312885	0.121905441	3.313210318	0.007914333	-0.110042951	0.090276661	-0.163919197	3.290089559	-0.011005225	-3.404584515	-3.156766151
IL8	-6.398855086	0.07454648	-0.002865772	0.035253667	0.22084153	0.105354223	0.179068792	-3.153708809	-3.209126409	-0.051783209	-0.08319903	0.170914929	-0.285330042	3.336674914	0.162354018	-0.346539575	-0.172259393	-0.296010246	-0.024231019	0.246581748	0.223766876	-3.349458589	-0.005179207	3.374873244	0.166024176	0.322739733	-3.332636216	0.344157588	-2.976257623	0.149106222	0.159980971	0.291492671	-0.304514449	0.106330015	0.139729458	0.041321611	0.107147048	-0.442539757	0.341498128	0.376350783	3.438058742	0.463132068	0.194344575	-0.740739196	-3.650693234	-0.299462739	0.386790092	-0.028497445	0.291769517
4E-BP1	0.011719919	0.008290853	0.02198106	2.809266868	-0.453031491	-0.239057329	-0.396387775	-0.610340221	0.102685623	-0.185588255	0.439755739	6.788033288	0.170636588	-0.069719679	0.271414434	-0.113895557	-0.29663615	0.057290055	0.353572352	-0.515414266	-3.150716658	-3.087927862	-0.078694763	-0.103706883	-0.060176248	0.264131973	0.067746999	-3.337936623	-0.057972438	-0.596443122	-3.316652197	0.139891131	-3.192678142	0.072350718	-0.142965083	0.015134747	0.114661371	-3.909929717	0.091956391	0.11653677	-3.442571657	-0.313196218	0.111434789	-0.053975425	0.391233961	-0.218710104	-0.010920162	0.611390842	-0.374238012
CD5	-0.07810085	-0.202660974	-0.113797124	3.481860706	-0.038143438	-0.084155347	-0.079374658	-3.367761751	0.348919509	-0.18386113	0.024745531	-0.035233558	-0.089378851	0.269490492	-0.057497596	0.043467724	-0.389654947	0.036432205	-0.070945741	0.093731292	-0.336213375	0.198568916	0.022133513	3.402396881	0.357061284	0.098015334	-0.092653871	-0.451540228	-0.032930856	0.135593698	-0.103152711	-0.550289923	0.081482214	-0.020355642	-0.062486699	0.037949956	0.039447732	-0.034095321	-0.120140191	0.06223969	0.104376617	0.03104859	0.203080387	0.001405626	0.022933767	-0.116857985	0.089838454	-0.090661926	0.196646469
SIRT2	0.047219951	-0.080068174	2.786346495	-0.110387501	-0.658822344	-0.087470581	-0.524332307	0.0	0.405942051	-0.816810332	0.848419547	0.341287608	0.273520828	3.195898014	0.84334096	6.329873213	-0.414086106	-0.483211604	0.262849967	-0.502265769	0.269426768	3.044010878	-0.721859149	-0.297421956	-3.334410246	0.29528824	0.750391909	-0.279487704	-0.19396251	-0.676490673	3.273594804	0.162028891	0.39570532	0.048623131	-0.314015114	-0.311093013	0.42094979	-0.699292906	3.683506619	0.184841401	6.363129238	-0.207929132	0.157673737	0.3022242	0.696280883	-0.242385793	0.240375192	-0.368641904	0.404799678
ADA	0.13817248	-3.328474237	-0.098079088	2.851112904	-0.176681028	3.728090859	-0.049848221	0.204257395	3.351445367	-0.193619786	-0.037821943	0.30958121	-0.086110391	0.165191871	-0.052351808	3.146432232	0.166097606	0.315581597	-0.352455558	-0.075952349	-0.046516197	-0.028272037	-0.265897955	-0.046776142	-0.112071132	-3.429284473	-0.140980479	0.427919622	0.010477627	-3.249433787	-0.365430939	-0.223237242	-0.3631757	3.486910374	0.136789399	-0.063299058	3.2563278	-0.012736676	0.178775558	-0.011471462	-0.053248722	0.315112292	-3.451866074	0.110719824	-0.416539672	0.035397663	-0.117789963	-0.259348985	-3.061156681
CCL25	0.070783329	0.1264048	-0.005377926	-0.009935034	0.214655434	0.256881671	0.09731313	0.137059639	0.174458163	0.009222861	0.009549552	0.109962603	0.08731306	0.094512768	-0.014308894	-0.053152764	0.151962869	-3.274621553	-0.085285172	0.201437035	0.099552034	0.165457787	0.018579882	0.05550095	0.267053672	0.159308894	0.117683709	0.339632134	0.038634609	-3.294670436	-0.191799024	0.341212642	-0.049505624	0.094598754	0.103400114	0.049190168	0.201353929	0.1494729	0.182554607	0.143503557	3.361854545	0.003667938	-6.643369402	0.159852675	-0.221365469	-0.013810047	-3.381609042	2.2e-05	0.282050726
LIF-R	-0.078475618	-0.005377334	0.087201316	-0.073694315	-3.486119867	-0.221032415	0.230454683	0.478559993	0.850420649	-3.453510376	-3.222315	3.210744488	-0.23430841	0.351871738	0.150282974	0.168246468	-0.406307458	0.151811109	-3.354756031	0.246034952	0.077661123	-3.271905872	0.086867536	0.049175336	0.2778056	0.259916982	-0.054246222	-0.077462981	0.075267684	0.526719197	-0.12868173	-0.824870191	0.079688072	0.028263023	-0.130452348	0.100573564	-0.096005701	-3.306429246	-3.48012945	0.343080669	0.214062635	0.127134477	0.246228661	-0.084656969	-0.029564785	-0.168043571	0.063870799	-0.054341457	0.32281932
CD8a	0.145785325	0.030683966	-9.834870631	3.383077818	0.09344491	0.058564217	-0.038723895	0.11925199	0.058278929	-0.011638755	0.164076144	0.059950986	-3.201567365	0.06071049	-6.742705647	0.025812654	0.166743621	0.14672401	-0.019751756	-3.116603488	0.12100689	0.12981441	-3.322813422	0.04195426	0.208027908	-0.027240512	0.104973856	-9.60229138	-9.625236443	-3.229564765	-9.898062956	-0.033193724	-0.129687583	0.146566388	0.293005795	-0.141744264	-9.833731964	9.816350243	0.031002903	0.196570726	-9.912724487	-9.831960661	0.019702708	-6.329219642	-9.691682945	-0.027463308	-0.315140676	-9.851878763	-9.840491162
CCL4	0.217456269	-0.003204406	-0.026102109	0.180460675	0.009726503	0.060069161	-0.127417244	-3.16684025	0.30477775	-0.255077638	3.380984624	0.144467991	0.04704823	3.628681373	0.049551602	-3.296820665	-0.14197677	0.185697672	-3.448125175	0.004261377	-0.35144679	0.125083515	0.200284238	-0.221741945	0.025347765	0.077937454	0.329081504	-0.000418928	-3.313198309	3.180482281	0.115089135	-0.444572815	-0.126698542	0.030731101	-0.080434725	0.044493665	0.120732953	-6.760774544	0.127303733	0.064962534	0.251450508	0.025783359	0.145763996	0.269353532	-3.289370767	-0.027662058	-0.047100169	0.168547866	-3.04884941
STAMPB	0.041820544	0.167365025	-0.140565892	-0.427232801	-3.874196942	0.348476346	-3.555893507	0.245357223	-0.248976934	-0.090471444	-3.513397823	0.681541101	0.242490257	0.155575055	0.236317979	-0.741343098	-3.453066467	0.612315309	-0.869414289	3.002982265	-0.67343278	0.037520043	-3.911520518	-0.029434346	-0.546931472	3.006027487	-0.414634107	0.359348974	0.320482028	-0.089207343	-0.530314584	-3.625111377	-3.818942452	0.166550331	3.548043074	-0.138031312	-0.144355286	-0.210107567	3.536646274	-0.005022055	-0.002731628	0.625791196	-0.266685785	0.152499276	-0.052874754	-3.195637836	-0.146775341	-0.205711594	0.472018327
DNER	-3.327290453	-0.068546464	-0.039256721	-0.043506476	-0.060862794	-0.103162242	0.016490089	0.072241183	0.178924003	-0.04453323	0.034175139	3.319925498	-0.02881996	0.094187598	0.035790701	0.014948168	-0.105704309	0.02812294	-0.053938224	0.064304343	3.334616864	0.000899147	0.024730401	3.236787535	0.08835408	0.026730522	-0.006042719	0.011843394	-0.008572186	3.344947451	-0.035023234	-0.174074527	0.012644113	-0.004560298	-0.046495555	0.027322551	-3.361051646	-0.012187449	-0.038868406	0.088863074	0.032796428	0.04299973	0.0627605	-0.013961488	0.001964134	-3.364043791	-0.004132989	-0.036431971	-3.233572799
IL-18R1	0.109413984	6.717326663	0.02773466	0.070350827	-0.0954316	-3.299510743	0.165137355	0.204520613	0.352387416	-0.015911551	0.146482833	0.034161123	-0.030270123	0.164789731	-6.590142248	0.045704418	-0.106802143	0.067967744	0.06388753	0.122762932	-3.42616228	-0.076667393	3.578940079	0.100830422	0.088072922	0.1157797	0.22276473	0.203866781	0.096171562	0.23742829	0.010318431	-0.173500868	-0.104763234	0.024577627	3.336299194	0.101716511	0.013862979	0.019109639	-0.012424803	0.144686163	6.716730594	-3.223236941	0.110470663	0.080127722	0.063331679	-0.041893165	3.393068221	0.018768879	0.156173497
LAPTGF-beta1	0.120358165	-0.028875736	3.224205822	-0.238062199	-0.141024316	-0.018951098	0.211953966	0.072130665	0.089874501	0.012825949	0.288302232	0.038907569	-0.032594249	-0.036600231	0.035450278	-0.251826087	3.242016036	-0.348978534	-0.370594576	0.014414052	-0.048680121	0.070695367	-0.137558771	-0.057362349	-0.016385332	0.163620286	-0.100823415	0.325149244	-0.024152368	0.050030158	0.057017198	-0.2439272	-0.046540568	-3.303361128	0.110029236	0.08345569	-0.046449033	-0.210534933	0.241114034	0.088419573	0.071707187	0.064604019	0.122154812	-3.309553961	-0.061823143	-0.136886405	-0.188154227	0.085051083	0.2831804
CCL23	0.046734615	-9.953572478	-9.841515113	3.320441767	0.075857963	-3.157099205	9.884752615	-3.29771411	-9.856010058	-0.036841338	0.051640803	9.963993136	-0.07367573	0.127419037	3.353406283	-0.016917524	-0.083346478	0.06797782	0.000429558	3.390597596	3.302541293	0.039127056	0.019359189	-0.077382449	0.084402916	-3.299614906	0.038214676	-3.236501134	0.038674239	-9.725665983	-0.008461579	-3.46564594	9.913927583	0.001160244	9.924124803	0.075916475	9.915698207	0.023396005	-0.080184247	3.404729104	0.069071735	6.619840814	-9.867627044	-0.010972016	0.018900407	-3.329125471	0.027694679	-0.054610206	0.033843731
MCP1	0.371579544	0.249192398	0.225465255	0.159843847	0.384480032	-9.582978024	-0.070561497	0.246679793	0.331899129	0.046607031	0.238422531	-6.380848377	0.158671473	0.168365101	0.211504105	0.140128993	0.104772322	0.328989759	0.116034781	0.188609565	-0.105702345	-9.705836749	0.239206783	0.026919125	-9.617837194	0.291246002	-6.38010869	0.230005605	0.24386654	0.244111246	0.204764008	0.019452363	0.113479854	6.92151828	0.030696797	0.167369297	0.251538767	0.171312876	6.893495588	6.725017348	0.300405099	0.207898383	0.14445282	0.265647985	0.17661401	-6.510029212	0.133495052	0.228074567	0.299059723
CD40	0.045353677	-0.043785589	6.550948056	0.045309162	-0.067390498	-0.036117998	0.005619073	0.047180365	-9.870944111	9.822577812	-3.270002259	-0.002795921	-0.01720929	-3.277133764	0.037224011	-0.060151457	6.547870801	0.022135932	0.023018617	0.019721137	-0.000729738	0.003602285	9.89892993	-0.033455297	0.123912225	0.004274655	-9.899410821	-0.019303777	-0.013396304	0.022711549	9.923796911	-0.120707846	3.341126932	3.320875215	-0.022742462	0.018182534	-0.030845967	9.930617441	0.011348692	-3.23718519	0.021226892	0.030786125	-9.906742362	0.107863588	0.015830382	6.610519795	0.03486526	-0.017347506	3.412627608
MCP-2	-9.572682909	0.212736319	-9.736319746	0.164899957	0.163827845	0.047245388	-6.274604493	0.243995558	0.290338388	3.439255681	0.202395405	0.365438553	-9.705302114	-9.803446468	-6.310002688	0.105657483	0.228730008	0.2494412	-3.146897317	6.978852078	0.28474087	-9.659149898	0.170676333	0.184582583	3.817239282	0.079337234	-9.797132185	-9.575905841	-9.632507092	0.162551706	0.089029982	3.598090577	0.087460949	0.152725467	-2.999337638	-9.744336026	-3.094159059	0.099459272	0.154438997	-9.56123779	0.319822725	3.490393631	0.173329214	0.117490017	-0.018456569	0.307701064	0.147865212	-9.650353326	0.521557446
TNFRSF9	0.091685527	-0.046115942	-0.08070453	-3.339961374	0.094534828	0.127634095	0.007689645	0.14291416	0.08956408	-0.084330625	0.03902785	0.026600833	0.038269885	-0.064893947	3.438017201	3.256473839	3.460987906	0.058110852	-0.120102462	0.13027419	0.063018108	0.04495664	-0.241171761	-0.003040854	0.021980126	0.071018451	-0.007812857	0.270600173	-0.021492873	0.098730061	-0.170214559	-3.245991904	-6.689417719	0.135992486	0.033133145	3.376278933	0.104950049	0.104911881	0.147431542	-3.258459932	0.011242017	0.052257574	-0.018854689	0.065100082	-0.365213907	0.002600955	-0.073925511	-0.015555794	0.174590989
FGF23	0.22596973	-0.307075279	0.036651491	-5.89219678	-1.143387515	0.75123414	0.540014276	0.308649192	0.670920097	-0.039908603	0.416122232	-0.046843429	-0.620516361	-6.218398655	0.364907487	0.541519665	-0.400273602	0.524049127	0.066228565	0.099653203	-0.146920423	0.302216455	0.580938035	0.03481595	0.297344009	0.184063789	0.087668961	0.576026417	0.069539689	0.374638473	-0.110883722	-1.030956718	-2.80393418	-6.883344767	0.066037458	-0.101147708	-0.335372899	0.517133206	0.012958076	3.736174699	-2.914278751	0.266337446	0.72917477	0.059292706	3.588970585	0.049631931	-3.065089553	2.887543964	0.71247812
TWEAK	6.620729497	-0.061078069	-0.095752616	-0.053811401	3.312712308	0.018723998	0.009818697	0.040425738	0.008075852	-0.04972609	0.021438307	0.027444165	-3.340651188	-0.098750693	-0.083079537	-0.07184454	0.101383374	0.058091395	-0.115439844	0.016138935	-0.010435395	-0.020192572	-0.077162581	-0.022583848	-0.046774383	-0.009937599	-6.638704439	0.138837427	-0.05792112	0.023291517	-0.139887804	-0.029915998	-0.110083824	0.085411183	0.010610191	-0.049535418	0.040662443	0.014109179	0.093289934	0.008306708	-0.072740338	-0.006427203	-3.375556498	-0.010049882	-0.217854082	-0.032571565	-0.040422865	-0.06781204	0.091782472
OSM	3.364068626	-0.47076577	-0.214089677	0.123339884	-2.793474925	-0.388894445	2.737546087	-0.35532484	0.214504833	-0.997926242	-3.381971866	-0.614021328	-0.082619725	0.135967558	-0.233938395	-0.781018038	-0.79415663	-0.361684614	-0.038876586	0.597439086	-1.089357858	2.739926623	-0.224624566	-0.729936728	4.189941166	-0.245983167	-0.265233236	-3.186509788	-0.685256885	-0.61032537	-0.625166907	-0.159305087	-0.132529444	-0.957002375	0.045375673	-3.264325327	-0.351196448	-0.813184035	-0.023350736	-3.369557569	-0.161842797	-0.960246011	3.164546129	0.136924998	-0.012832536	-0.556780311	-0.461245594	3.410585769	0.310374272
MCP3	-2.594407689	0.4114692	-6.340460897	-3.031406388	-2.858297474	0.0	0.143717516	-2.892785927	0.104576804	-0.250143678	3.091753975	0.105874291	0.808899039	0.339546996	0.454979483	-0.374699198	-0.233941083	-7.373453255	0.171097282	0.354442783	0.398061004	0.22375	-0.15052272	0.0	-2.851173504	0.634168193	-2.914465633	0.361026307	0.140469067	0.394257647	-2.585784378	0.151898719	3.003451911	0.653542518	-0.150708335	0.23936428	-0.056054425	0.353817396	3.177668162	-2.813628536	0.412879024	0.340225342	0.385420759	-0.113420133	3.313635381	-0.213652349	-2.848394216	0.30479058	0.522602892
FGF-21	-0.059970959	0.086910608	3.503810146	-0.44616043	-1.4706528	-0.397246097	1.40688464	-0.104704716	0.042140734	0.059655127	2.592165446	6.701155241	0.181391427	0.431272869	-3.252682539	-0.772634036	-0.441211879	0.360104767	-4.182204199	0.892579217	3.132885215	0.481991092	-0.302030845	-3.63024933	0.028568989	0.350449298	0.703433746	-2.403557573	-0.026312583	0.197695419	3.525941744	-0.963250351	-1.713178513	-0.127243249	0.917283536	-0.20042496	0.24583244	2.706256295	0.149875527	0.796134989	0.245238805	-0.445963244	0.304357641	0.123097179	0.2904065	-0.307897718	3.218088463	0.267737133	0.865715221
CXCL9	0.128362786	0.007632569	0.102337922	0.072799899	0.360362239	0.192189113	6.000753243	0.159233132	-2.922137487	-0.070428512	3.488279858	0.077078982	-0.003377318	0.181518358	0.088915574	0.082350419	-0.099058162	0.208742937	0.031158195	3.437114921	-0.271441045	-6.625347227	3.564177013	3.185548856	-3.527594605	3.419336506	0.408920523	-0.023979384	-0.00480264	-2.985994815	3.307535525	-3.526644859	0.066166393	0.080665054	3.279882945	0.135006196	0.041238089	0.017398064	0.06501502	0.066458863	-9.289021287	-9.67546741	0.101175997	-6.533239429	0.114503406	-0.038048882	0.245538789	0.048678192	0.269462652
OPG	0.070357116	-0.057072424	-0.015951994	0.053144413	0.081820971	-3.221040368	0.038895196	0.06571539	-3.258629016	-0.044436601	3.328846299	0.138490941	-0.062769777	0.051026566	-9.875362029	-0.001236584	-0.040821868	-9.931901755	3.32767791	0.045691129	0.054645197	0.019991121	0.025404127	0.036726914	0.016022866	0.09648084	0.097001525	-6.515485955	-3.260939189	0.083114847	0.020324577	3.193308208	-0.022620248	0.105872582	0.076877985	0.058653702	0.072839842	0.01459959	-0.079771072	9.881267704	0.037501886	-3.312070315	-9.819664963	-9.862764823	9.877971662	-0.087041013	0.019121212	0.028867675	6.763807532
IL18	-6.579866935	-0.011243505	0.089540816	0.078118636	-0.061725986	0.07981878	0.094846853	0.069777698	0.287647725	-3.368538032	0.151179014	0.016071157	-0.05304385	0.147101201	0.091506487	0.063280153	-0.122912948	0.052105207	0.023976464	-3.160517404	-0.025380303	-0.019795678	-0.082818842	0.137778216	0.211105023	3.409511625	0.218551812	0.02339986	0.028751355	0.146389762	-0.025092373	-0.184395285	0.058237166	-6.616826544	0.012559148	0.162656836	-0.016809156	-3.295589514	-0.00475355	0.15579065	0.07083452	0.116372887	0.103606004	0.053663021	0.083262685	3.282454685	-3.254756234	-0.023725272	0.161499343
IL-12B	0.260954419	-3.098640376	-3.09883439	0.185890664	0.027880415	3.72705361	-0.000786272	0.34165292	0.530614864	-0.078802267	0.232504809	-3.120534303	0.141020749	3.451039475	0.15275858	0.188544993	0.047089307	0.318847896	0.085656259	0.184517702	3.209693374	0.264837985	0.178690626	0.052510235	-2.667680791	3.625662143	0.429534653	-0.099485541	3.340831192	0.187117844	3.483416717	-0.081069209	0.429310395	0.208321208	3.31617838	0.225434023	0.34243346	0.197735789	0.167735796	0.282573158	0.241089157	0.207451262	0.164847393	0.320273774	-3.176071253	-0.00683427	-3.01988625	0.15938804	0.365338953
RANKL	-0.025838886	0.115356594	-0.282159553	-0.21126757	0.171477678	-3.291427461	-0.511033881	0.2409531	0.568652452	-0.039029224	-0.422553214	0.208714264	0.115262818	3.525441946	-0.103288464	-0.007326487	-3.875349122	-0.108313401	-3.069056755	0.07947611	-2.684327319	0.180879723	0.164602229	-1.206978928	0.452722327	-0.11159213	0.126018698	-0.266023904	-0.28165874	-0.21127013	0.027300371	6.104183149	-0.227612378	0.050200875	-3.554315738	0.106932365	2.992870255	-0.027539372	-3.432360169	0.192896972	-3.339764002	-0.078712234	0.144332864	0.19643998	0.087101676	-0.096309145	-0.088304499	-3.550371647	0.093662714
CDCP1	0.093371247	0.104971629	0.090210901	0.587986095	0.712750328	3.63437765	-0.023298783	0.49289675	0.367164806	-0.071234693	-0.291207794	0.667326523	-0.448824161	0.616070714	-0.040604903	-0.521562849	0.145386738	-0.84678439	-3.267325533	-2.645053156	0.249570372	0.150791203	-0.223939067	0.209999929	-3.29741972	8.399236934	0.502044173	1.173339946	0.05371509	-6.402652063	0.225336661	0.125095252	-0.108471807	-0.010644359	-0.21753354	0.602597136	-2.585232635	3.285667334	-0.24464232	0.935394181	3.386765543	0.4396835	-0.17327877	-0.367448188	-0.197003789	0.398693042	0.490559464	3.284237814	0.530972847
MMP-10	0.065753552	-0.161125935	-0.15375113	-2.939887105	0.117830353	0.135878177	-0.311162059	-0.292152167	0.155034594	0.013612962	0.010818575	0.033450138	-0.141981713	0.158609213	0.060365883	-0.036483294	-0.220617111	0.019101763	-0.09109536	3.400294896	3.296299452	2.827556622	0.133518401	0.341173064	0.02119567	0.038482028	-0.034206345	0.096034089	0.164053443	-0.062388655	0.070602395	-0.256744341	-0.029679541	-0.016666603	-0.011620222	-0.016218813	-0.111194017	-0.059246219	-0.114400551	-3.261773544	3.4936203	-3.409378523	0.190778856	-0.031010439	-0.007124969	-0.04773236	0.003865587	-0.143981233	0.202249865
PD-L1	6.934085117	0.030718956	-0.001949385	0.089315376	0.15683433	0.1968156	-3.447519792	-3.157314454	-2.875287356	3.233835554	0.158747721	-3.142442887	0.104784108	-3.01494228	0.136138136	0.142195434	-0.161268086	0.266547647	0.104172072	0.348724036	-3.401874792	-0.02568187	0.211095085	-3.485578846	0.365274137	-3.115351383	0.115090457	-0.030636404	0.170550554	0.053685212	0.140156092	-0.473533875	0.162894083	3.410905092	-3.402383584	3.381661278	3.412190188	0.002325006	0.123496658	0.071982398	3.625367997	0.137094169	0.275467575	0.194788221	0.105119303	-0.115900244	0.161916646	-0.021833351	-2.914893628
CD244	0.014928486	3.287396313	-0.120619047	-0.035033519	0.092568869	0.120942549	0.009905486	0.083373037	0.077467061	-0.063204304	0.065865083	-3.2571187	-0.110905444	0.007289345	0.010604263	-0.090190385	-0.078610226	3.275399856	-0.106114771	0.10473497	0.029734238	-0.021361899	-3.479596882	-0.039743842	-0.043631589	-0.031270623	0.024147394	0.22180609	0.035920048	0.042577453	0.038412434	-0.291919186	-0.114652236	0.010089868	0.2354386	0.015206152	3.376807581	3.337007229	-3.470399898	0.213653819	3.305634781	0.156881346	0.163679348	0.017122278	3.328390703	-0.008020913	-0.147060815	-0.030584735	-3.198217771
ST1A1	-0.044676353	0.176622249	-0.971081613	-1.608734673	-0.993842721	4.018259101	0.307167356	-0.393419294	-0.500065378	-1.548889402	-0.59373819	0.838531068	0.169316889	7.377260771	7.351954108	-0.830423514	-0.191819054	0.009070266	-8.548113349	7.649821626	-4.834158838	7.917641149	-8.221919274	0.340189227	-8.350434438	-0.710040776	-1.375035973	0.512535864	8.397814369	0.327241152	-7.995988532	-7.750446578	-4.331014652	-0.162975641	0.315322955	0.163607542	-0.315047903	-0.257494377	3.718642762	7.715400466	-0.009941571	7.947365506	-7.855005933	0.415141107	-0.303448699	-0.244413403	0.300115653	-0.95352303	9.335389588
IL6	0.39819787	-0.030551823	-1.573737637	0.75001103	0.201696421	-0.768596786	3.86391813	-0.509023902	-0.146023274	-3.545614389	-0.192523242	3.351825073	3.996496377	1.074712964	0.186384972	-0.906597888	-4.432153629	-0.313951736	0.0942925	0.360470432	0.397563044	0.199754902	-0.377873615	3.644918992	3.42823229	4.612618909	-0.026421089	3.996741009	-4.319482024	0.853770145	4.295889928	3.687183738	-0.033277094	-0.035513532	-0.547876269	3.946692215	-0.645923066	-0.141873259	0.011550863	1.191985037	0.578179864	-6.202391981	0.453547106	-0.117902973	-1.004229272	-0.740446827	0.336808825	0.337814822	0.771950566
Beta-NGF	1.184726052	-7.219012952	-0.349889552	-0.183396742	0.386952907	0.052078597	-1.333582792	1.751691363	7.650508163	-0.681241616	0.087301606	-0.146241303	-0.642628172	0.384241924	0.238335494	-7.058037129	-0.180437698	-0.205590567	-0.350463962	0.854588773	-0.389980781	0.635370185	-1.64045616	-8.102902093	1.179782481	0.370649172	-0.001978178	-0.411706468	-0.173231248	-0.004340043	-0.224738264	-3.156265989	-0.048507561	-0.529795713	-0.171571847	0.650729952	-0.41119765	-6.769714318	-0.165641759	0.559553701	1.095922887	0.310970283	7.283400073	-1.271029555	-0.119091385	-0.178937703	-1.214981467	-0.33196169	1.224659249
CXCL1	0.179190694	-6.605935518	-0.054221639	-6.533530337	-9.834916206	0.122481493	9.930481955	0.124602495	-9.912181504	9.772136404	-9.868137625	9.932033955	3.359325818	0.035066683	0.10848463	3.447185215	-0.081957999	3.371268653	-9.870325774	-3.334372642	-0.010592753	-3.195190944	-0.021874533	9.849742738	-9.739463984	0.05823233	-6.502520999	0.088115323	-9.870837181	0.040770057	-0.025180012	-0.14495059	0.052703927	-0.04016611	0.048862267	-0.005124794	-9.911519196	3.240992545	-6.613396512	-9.886420368	-9.903415819	3.258901992	0.132042379	3.372918133	0.107837806	0.086016184	-6.649718709	0.046963016	0.216006399
EN-RAGE	-0.321991026	-6.961612963	-1.24803404	0.003355305	-0.235082725	1.973549931	-0.913844558	-0.338375912	3.382760451	-1.262286783	0.212853645	-0.347462072	6.387776798	-0.281960781	0.125517238	-1.405861072	-8.828428501	-0.405386211	-0.070823672	-0.585949988	0.046238942	0.178616999	-0.931399524	5.62309458	0.134020891	-0.162579912	0.073005378	-0.472616564	-0.787224277	-0.1644816	-3.857845913	-0.635247465	-0.429378725	-0.622205356	0.046903488	-0.275608814	-0.258700386	-0.98558643	-0.048075579	3.31677361	-0.187687647	-0.748141735	0.263974372	-0.432491056	-3.097168579	-0.405778693	3.341285763	-0.291079811	0.960429984