Sample	G101	G102	G103	G104	G105	G108	G109	G110	G111	G112	G113	G114	G115	G116	G117	G118	G119	G120	G123	G126	G132	G133	G134	G135	G136	G137	G138	G139	G140	G142	G143	G144	G301	G302	G303	G304	G305	G307	G308	G309	G310	G311	G312	G313	G314	G315	G316	G317	G318	G319	G320	G322	G323	G324	G325	G327	G332	G334	G335	G336	G337	G338	G340	G341	G342	G345	G347	G350	G352	G354	G356	G357	G358	G359	G360	G361	G362	G363	G365	G366	G367	G368	G370	G372	G373	G374	G375	G376	G379	G380	G381	G382	G383	G384	G385	G386	G387	G388	G389	G390	G391	G392	G393	G394	G395	G396	G397
1-MONOPALMITOYLGLYCEROL-2TMS   1  M/z371	1184	-837	227	25	34	662	-1110	1039	242	457	215	-744	-207	234	400	379	-173	-3025	-153	-1549	1017	1670	261	386	87	-1741	40	852	1496	-361	-786	648	563	198	658	-96	-962	-128	840	431	308	4	380	-1293	-1235	477	124	1607	19	-528	-1031	-925	1680	197	-714	1289	-62	-1504	815	-126	552	-364	592	-282	473	-510	644	227	-1402	-190	-509	-602	1274	521	-414	595	-1774	-484	-166	1135	-732	-1407	-677	-86	593	535	339	-675	-478	-355	440	-375	-710	-148	1564	-119	1183	-29	802	284	401	51	-127	2222	154	318	60
1-PALMITOYL-sn-GLYCERO-3-PHOSPHOCHOLINE-TMS derivative   1  M/z301	-217	1686	-2317	4102	52	-3039	-985	-1761	-805	-1757	86	-3700	-3118	16	1247	1326	-426	-334	-15	-3873	-1519	-2040	2828	-237	600	-46	-43	-368	3368	-221	-968	100	653	-3313	-1687	-122	496	1169	-3835	1781	-1576	-407	70	-3240	-861	-2139	-1089	-4	-804	-1127	-3059	384	-1955	-526	-3346	-49	-2124	1884	-1214	-241	541	-1099	829	1347	819	-2976	675	1641	-694	-1120	315	2966	2993	-60	549	2243	264	-120	490	-37	1838	-276	-117	-770	2275	424	-169	-661	-2587	99	-1216	-242	-1778	-557	1189	799	-4258	3144	-1820	-1208	-598	4388	383	2165	2705	-930	501
"2-AMINOBUTYRIC ACID, O,N-TMS   1  M/z130"	1131	-1545	-26426	-22816	-17326	9311	-2767	-78282	-9968	14694	-29401	-5686	-28585	13495	-3696	-3691	-20660	5588	-2490	7426	14592	-14843	8633	76821	17114	-2573	14018	-34307	-3304	14634	-8868	-7354	-14207	-14049	14811	-6199	-13672	-14860	5822	-30435	-28563	-34398	-18873	-16787	-18001	-29096	-25056	-14559	20148	-20731	7505	-6062	1234	-15141	1339	-31092	-13732	37284	69761	-28438	-17407	20971	4015	-3879	-11184	8874	-28630	2409	-4598	-23907	19877	-20385	-21236	-1424	8690	-68236	-466	-32189	-23257	-17866	-21893	-1611	4641	14381	-15809	33970	11673	-33864	20805	-28232	-22544	4566	1089	-16692	-3298	38626	141496	-119624	-29605	-1376	-17151	-18599	-15310	-4001	16876	-26601	-2189
3-HYDROXYBUTYRIC ACID-2TMS   1  M/z204	618	2364	1770	-2808	-10442	3855	-548	-3508	-243	-245	68	-240	27504	-1265	7519	2229	32341	1408	-1365	-2248	-1278	-2611	862	2979	-20946	-2585	1104	307	-540	2321	-603	-2794	400	-1634	735	-1721	-507	-78	1097	-1110	-1725	-1954	-3238	-1655	-569	4633	811	167	-5601	1096	-618	81	1089	-2165	268	-10952	-1719	21424	680	-1027	21095	-10975	500	3128	278	1138	-10097	60	-30723	-1253	2479	-1358	2946	-2106	-2443	-2694	9386	339	-1207	-37932	-263	106	-9985	1238	-1910	-657	11840	-25644	1084	-2102	2270	601	-1826	-3587	-3899	1940	4454	-12533	5569	10423	1702	-112	300	474	-3304	-1371	-390
ACETAMINOPHEN-2TMS   1  M/z297	-357	2768	-101	1681	-828	324	456	-301	-460	216	0	222	81	-41	351	3440	-138	-452	114	728	387	0	-7	-91	27	204	0	261	0	-528	51	680	97	-94	-692	3455	-304	-239	0	-39	134	2088	918	508	-131	2016	2821	1501	24	0	69	-431	-25	298	100	7	-151	630	0	468	0	-553	199	-177	-227	51	34	-238	185	-374	-335	-63	72	-101	-30	65	-56	112	-364	801	310	2622	-966	-3472	-300	28	-44	-368	143	62	47	54	-103	124	137	-124	90	16	0	0	0	-270	232	224	-284	-18	9
"ACONITIC ACID, trans-3TMS   1"	303	4790	1715	2343	2382	1523	-2206	-2247	3121	2182	-3471	4034	2366	-4843	-3828	2771	-4395	1233	-803	-2339	941	-4096	1742	1621	-3474	610	1286	1351	-1064	2693	675	1172	1695	-1911	-1861	5596	-927	-2625	2794	-4205	-852	1843	269	2757	-648	-2091	956	-1340	-1215	-1886	-2841	401	5859	-4240	730	651	2621	-825	-790	-603	249	-409	1089	6688	121	-423	-583	-107	-2720	2340	-2563	4174	-448	-2204	-282	5915	2109	3575	405	1596	2261	2306	3108	-707	3238	-1010	-2301	-2886	-3896	-2487	-594	-2018	-722	-1535	2186	3714	526	-2779	5884	1362	5584	-3329	710	827	-196	290	-5207
ADENOSINE-5-MONOPHOSPHATE-5TMS   1  M/z230	380	-631	-232	-97	159	-50	264	207	59	800	703	88	14	212	61	339	-228	-267	-556	599	39	-103	583	-17	-29	-414	-11	203	-133	-594	-98	103	-153	40	-203	-625	108	-340	673	-180	223	-367	98	-106	98	-37	-487	-86	-114	-54	-119	-201	-109	365	151	396	-274	87	-304	-590	-363	-60	-2	-249	-257	-218	164	-1	-371	-226	-203	-103	-67	209	91	89	302	271	68	-169	98	-4	-234	50	47	89	121	25	116	-87	162	-129	-143	142	-37	78	-82	95	147	-318	-57	-92	121	170	-291	78	176
"ALANINE-N,O-TMS   1  M/z192"	-2002	973	-1323	-1163	-3099	-763	7823	1008	-4244	4443	-5143	760	-4202	-4766	-4606	-2518	-6850	55	-23	-1082	-3034	3014	3382	-2009	44	376	-693	-3949	-2697	2240	-2281	-188	-9826	-5592	-5264	2525	8581	1150	-5578	-1398	7561	-176	5055	-3300	-2063	-4554	-4833	-6769	8449	-5919	-894	-5352	2583	-790	-3721	1749	-5673	-4360	713	-226	-3925	1361	3735	-4676	3600	-1904	719	-3522	1541	-6819	-5319	-7702	766	33	2171	-2785	-8018	195	-1737	3642	-497	-54	-488	2360	3068	-10467	-1109	3439	3246	-1372	-2161	-3559	-2652	1030	-2650	4213	-3164	-2353	-2917	-1349	-2021	1667	2699	-3362	2612	2098	4590
ALPHA-TOCOPHEROL-TMS   1  M/z504	-449	219	-446	282	661	-285	36	524	-632	-1019	-184	-1325	-246	-333	217	270	-73	511	600	-1073	4	-595	547	-315	-382	-240	232	-278	611	-331	-504	1117	-14	-799	-1080	244	-312	166	-664	232	4	-349	-717	-60	-121	-773	-428	320	35	102	288	-166	-276	269	-135	-914	-409	-306	156	-626	1010	-397	545	128	-16	-531	465	743	-1382	-871	-956	378	123	-178	-991	643	237	645	767	-762	-1507	-78	57	284	272	843	-118	-843	242	-627	195	129	89	-364	376	-1463	-527	-638	274	-364	112	-74	-174	133	-403	-184	659
"ASPARAGINE,N,N,O-TMS   1  M/z231"	462	-177	-1897	-2088	-1840	918	-2805	-4289	-1656	1	-504	160	-2464	165	-1356	1689	-4750	963	-2323	-930	-551	7943	1963	2966	2471	900	-292	-9669	-1195	2918	795	1639	-2934	-3969	1970	-1151	492	-336	-2421	-1722	1831	236	-1237	-2047	908	-746	-4053	-2940	9708	-262	2896	-1829	4522	195	2199	-627	-2095	-632	5878	-3476	-2022	-1112	1576	21	1671	-680	-1678	-928	273	-2384	226	-9460	1921	2060	243	-761	-1329	-1367	-3335	24	3363	-831	1301	-4022	882	2572	-2119	1315	8047	-5420	2469	-2904	-335	-2105	-10181	3081	3220	-2955	-987	-631	-874	-434	-441	7023	65	4470	-3271
BENZOIC ACID-TMS   1	4320	-58	-1008	540	-7070	378	-5093	-515	1193	-5590	1584	-4255	8094	-1370	343	948	805	1176	-569	-1186	597	-1666	2086	-217	1145	-327	-1878	960	-484	-3218	-715	-1536	-1331	1483	-2007	136	1618	-1771	-2243	2222	1256	1367	1009	-1006	699	1137	270	-1033	-861	587	-159	1569	183	-30	710	-1574	-215	-34	2639	2971	2953	303	971	254	-258	-2470	-405	-1318	-1435	1084	-3653	2522	-708	721	-1092	2460	-265	-583	-616	-1324	-2588	2019	-1968	785	-1135	2486	-2497	430	1142	179	-3522	3259	-1941	-2809	-1042	5281	-6489	3393	530	2502	347	-1294	1874	-951	-1743	-953	-1908
"BETA-ALANINE, N,N,O-TMS   1  M/z304"	-606	212	-232	-35	1067	51	221	-413	-23	0	9	-70	163	-449	464	-170	-496	-504	-299	81	-89	167	-47	-137	53	18	489	21	-214	18	276	-22	-322	323	388	208	256	-91	296	-61	-312	24	249	342	244	874	-404	-39	438	48	200	-49	103	-169	18	-372	193	3	-242	264	172	383	276	82	242	-343	-110	-102	121	514	-80	13	-462	417	332	93	165	-225	279	3	-4	-51	-137	-132	97	-23	261	-38	187	221	54	269	-85	403	-145	-15	386	-29	-322	110	378	-28	168	-207	53	82	-431
"BETA-ALANINE,N,O-TMS   1  M/z218"	-855	-36	290	410	112	350	236	-279	839	658	442	265	-43	114	-122	-279	334	-14	95	-556	199	197	155	-153	2583	491	106	151	-1527	153	363	42	91	457	-350	-217	-165	-299	-54	-209	-210	158	127	-16	93	-24	-83	-143	1119	-547	221	317	2388	16	-188	239	78	-172	8	3	79	-323	663	217	17	2501	-54	-61	-376	-274	324	159	14	-24	71	-720	485	-358	234	69	-18	136	199	268	473	50	6	-397	283	123	1168	35	13	143	-149	645	8473	-96	3	-485	-319	-104	280	354	-62	126	-383
CELLOBIOSE-MEOX 8TMS_2   1  M/z361	180	-3441	1011	-277	-203	3148	7962	-2171	-1908	-1145	-500	-469	12	536	-826	-30	1199	-288	-126	-1045	2410	3707	-1361	115	-979	94	1052	508	-3374	-388	-586	-1106	-38	955	283	-1414	-1300	815	154	1860	-1019	-735	220	1484	55	1304	347	-650	-707	1124	422	-876	-490	2076	-235	589	-1852	-1289	-487	-5	212	594	74	-672	-553	-1736	-268	-768	33	-754	-517	-532	862	-359	-577	492	-1899	-933	-83	610	-960	-1296	148	-377	-463	2507	243	-385	-108	1173	-724	-976	704	332	1286	-165	-28	40	-411	1457	-107	718	708	213	683	675	1564
CHOLESTEROL-TMS   1  M/z247	-3086	-7703	14721	27055	4691	-13981	3698	-2259	-9473	-9676	6218	-14578	-16936	-6398	-1283	3209	47	-18839	12757	1657	-1433	-4870	10733	1753	-7218	-7364	-381	1148	-613	-3975	353	9520	1354	-15615	-2868	2485	-3954	4835	-3179	1037	-3708	-4429	-14469	-12517	13495	1434	-5056	4577	-13368	-4098	9203	-7886	7123	-5889	-4773	-2454	-9284	-8635	-140	-1457	11434	-3058	-3016	-2410	-751	-7721	-6689	3468	-6202	-760	8606	571	-443	-1633	-7165	-4666	-4543	6661	472	12405	-1324	-735	-7531	5311	-1269	2256	-2610	-4309	-1782	-3971	-1984	-11029	-3151	-417	-6748	-7131	-6865	-5144	-1887	5963	63	202	-6417	-809	2992	-2535	912
CITRIC ACID-4TMS   1  M/z465	-145	679	925	634	41	956	-267	-1613	-2394	-49	-513	755	-7194	-2021	-8008	1254	-921	-2695	-6141	-991	-939	1516	-5826	-766	-2823	2386	539	843	-977	2735	-1329	-2450	-2180	-1031	-537	-3476	391	284	-2682	-1142	-4155	-553	-2280	99	-1840	771	534	-2339	-787	3118	-1409	716	-4341	-1062	-3729	-2148	-1554	-1545	-4195	296	-510	-2665	1645	-1177	-2612	-695	-2777	-110	-976	-4335	1143	1568	2904	-1868	-1271	1014	2105	-622	-1695	-845	1199	-247	958	-4754	41	-1465	-2674	-3609	2411	-1276	-2763	-2058	-1184	-1579	-2705	1846	-379	-2990	-1705	-1097	-201	-349	-1763	451	-1588	-532	-2168
CITRULLINE-3TMS_1 (Ornthine)   1	44115	14163	-76167	-76330	-47068	6539	-738	-60960	-3989	9364	41437	36197	-49635	17560	-5117	37727	-20137	42221	-16615	10662	11352	109413	10088	1096	-2890	-10205	5070	-155563	-85133	33533	35936	23551	26302	-78409	24303	-22575	-20300	-8357	-14068	-20439	8399	32664	-15488	-23088	26307	4568	-11243	-19726	72806	-4786	19699	-23460	150801	-23397	20037	27894	-31345	6474	38430	-20843	-1263	-13678	20299	96604	6772	17619	-1289	3231	25153	-14401	-8664	-23380	23100	23925	13420	46689	-20562	-17767	-6879	-7242	5812	-24321	24237	-16495	51932	-5155	-9802	25064	49105	-59751	63457	-3260	-12989	-5902	-112767	47943	52861	-55016	426	-10031	-7674	-17790	-13488	111913	628	37947	-7431
CREATININE-3TMS   1  M/z329	-5857	1155	-2468	-2895	7230	2498	2865	-8533	528	-684	-489	568	-4779	1169	-8412	123	2296	-1066	-3688	-6871	1263	2597	-2286	-559	-8570	2397	-7498	-2498	-12712	3177	-977	4410	-1804	-5517	-4841	2102	-5380	5015	4014	-3965	-830	1139	-1248	2240	3301	-3214	1624	-1905	-1085	688	-5735	1647	3213	1256	3434	59776	4485	-3507	-4572	-799	2921	3258	781	5403	857	16543	5666	1493	1167	-2407	-1276	2483	517	4934	5387	9577	-373	-2688	1644	811	-762	248	1742	2017	-2122	476	-992	1141	-592	-905	-1274	-6093	5746	242	5207	11604	41877	-158	-3772	186	606	-8712	695	55	4881	-158	-1566
"CYSTEINE,N,O,S-TMS   1  M/z218"	1277	6496	-8979	-8015	-6112	1522	12560	-11759	345	8774	1496	-1307	-9681	-2562	-4071	6166	1336	9732	3543	11898	-11680	14905	13274	2264	-5074	-4248	-11245	-17785	-6037	14660	13434	2843	-19716	-15653	5784	-1351	-777	3086	-5010	9484	6442	3819	-3898	-5806	8765	-4340	-4784	-7729	6946	-11328	3187	-621	10910	-5022	7561	16157	-4186	-926	-7545	-1117	-4468	540	-128	14855	3325	8937	-160	892	-389	3915	1956	3500	9547	4992	6885	43766	871	721	-3034	-2185	5097	6059	7369	6060	15005	-11129	-5659	2442	15580	-5944	2823	-1509	-17524	-9899	-5754	9846	11512	-3528	-5790	1467	-6140	-6965	4346	16469	2794	-5395	3636
"CYSTINE,N,N,O,O-TMS   1  M/z297"	-479	694	-731	300	-1732	-22	-208	-1473	-325	26	266	-77	-1433	-380	154	551	-1945	272	240	1009	-1027	222	606	938	110	-800	-162	-708	-1223	299	-278	919	686	-1053	-293	-575	-94	275	49	157	-31	430	-23	-637	-981	201	-909	-25	-241	-386	369	-362	-869	-72	130	-65	-562	-746	-163	-539	-209	637	173	335	-228	-214	-266	196	-267	-1331	-118	-776	462	-273	-31	-783	-68	-908	-760	-209	362	64	-91	618	495	-566	-375	169	270	-1156	-652	57	326	-367	40	-82	-186	-289	561	-153	160	622	-184	248	-157	-1549	-608
DODECANOIC  ACID-TMS   1  M/z257	-791	14646	-746	-1574	-1851	-843	-998	-1991	-6526	-1639	-322	-433	5907	-1487	1765	1333	6937	-282	348	-1830	-1124	-232	1394	512	-2662	117	-358	1643	508	1934	1000	-2187	901	643	-243	-1754	-834	-396	953	1188	-665	1266	-712	-2093	-1762	200	250	433	-2804	-540	-1271	-183	2237	-37	108	-658	716	1401	478	370	1226	-1150	1173	868	-1213	203	-739	-698	-693	267	5	-22	792	-2639	-10567	27002	-5031	2005	-1543	-1675	-1419	-243	-5762	-1507	2455	462	-615	-3073	547	-1097	1411	-1908	-662	-1328	-1379	3183	-277	-463	4031	761	2758	-67	1177	1770	-1197	-7964	540
ERYTHRITOL-4TMS   1  M/z277	-7	-405	-396	574	-337	-461	255	-502	-115	186	-95	-162	287	36	381	-195	-51	129	-18	-336	385	47	162	125	-111	303	7	-23	82	112	318	-1553	-48	470	270	743	580	-387	132	-187	-199	-462	207	-637	-272	194	-5	-385	99	216	-34	169	11	-396	98	302	55	-335	87	-309	-467	36	304	-112	110	161	543	-94	-134	-257	16	-139	129	-40	-91	132	532	7595	-662	-693	43	-103	-68	-95	113	-76	-580	-141	-78	-202	-10	-16	31	83	188	248	479	384	-359	267	-197	-6	-7404	-280	531	-214	142
FRUCTOSE-MEOX 5TMS_1   1  M/z366	451	95	143	2047	180	-98.9	-482	202	-475	893	-3924	378	-750	466	-4719	288	-321	2460	-2457	33	-1845	747	-4094	-301	-1030	21	138	1036	203	-382	56	288	-730	-646	-129	425	570	-133	11	-498	-467	-321	-357	-61	216	3	6508	-2035	4939	739	324	-111	6536	-204	2324	-408	-220	-150	-384	276	-846	217	1782	-3415	-416	122	810	224	195	-3395	-140	1230	-181	702	314	-51	-35	-307	358	283	4178	-51	131	-4275	816	-2245	-100	4	2001	-1592	-728	-1087	-50	-388	600	1368	-255	-374	193	-294	462	-245	67	-38	-77	359	-6469
FUMARIC ACID-2TMS   1  M/z246	696	1560	472	30	-257	116	206	1093	-418	280	686	795	510	-44	1518	68	-562	149	709	407	-231	-410	165	1013	39	29	-313	-702	-165	650	96	-866	-575	322	786	-227	1098	-556	-1354	-135	-198	99	211	-59	-1401	1195	-189	928	994	310	1169	-686	-1355	283	-530	-118	-477	1143	50	-468	-306	-425	-326	-1018	210	-133	-753	-277	-443	67	-48	672	473	-893	-1237	-1077	1004	551	-711	-649	101	-566	-161	-553	1269	-32	53	99	1081	-31	96	1735	-1162	-101	-577	-1127	-115	-1396	-1085	-264	-78	878	-748	269	-792	-15	299
GALACTURONIC ACID-MEOX 5TMS_2   1  M/z334	-13	-106	-496	760	88	469	325	155	-349	73	-515	68	250	-489	-750	-286	-1261	-892	-124	-910	-715	-93	-111	0	519	-184	-480	-651	-161	435	-122	409	279	-1422	630	40	643	-425	340	13	-269	265	280	-633	-583	66	1519	383	91	-1125	296	-157	101	-271	259	1012	446	-121	108	-236	494	-182	-27	216	208	-523	-70	287	1008	-879	194	170	344	100	139	471	88	-752	387	442	619	132	288	-584	255	-328	-35	250	341	-322	736	-315	-207	370	24	365	319	301	303	-531	208	-138	332	-212	-39	-332	-675
GAMMA-TOCOPHEROL-TMS   1	490	3743	447	-8438	-314	-279	4911	2312	-4217	-288	299	-2031	-4387	583	1882	1631	-37	-96	-587	-509	95	-922	310	-399	-6456	-511	-422	1020	633	2003	-1789	-1463	-1225	-618	2138	-874	808	-723	-850	-1324	2925	592	1091	-835	-106	582	1556	-1907	-629	-1135	266	1834	190	-1428	-1116	848	1456	-1127	91	-2654	1344	2969	-967	1010	-475	-2071	-676	-1063	-1051	-189	320	844	1738	1504	-1200	314	-1466	1451	56	-374	1697	-420	527	1368	382	753	1478	1212	-2587	162	1334	95	2172	1301	3894	-4294	287	275	-1336	-757	-1212	1994	718	3049	81	-906	-924
GLUCURONIC ACID-MEOX 5TMS_2   1  M/z334	-5	-106	-498	757	81	473	323	150	-335	75	-512	68	242	-495	-752	-291	-1253	-917	-123	-897	-714	-92	-104	-2	514	-184	-477	-659	-164	432	-122	410	286	-1421	629	42	640	-424	348	14	-267	266	285	-633	-589	71	1523	384	88	-1130	295	-158	97	-271	254	1004	447	-127	107	-229	494	-180	-26	218	216	-529	-74	290	1007	-873	193	169	344	97	138	472	89	-746	390	437	620	129	289	-587	261	-327	-39	250	352	-329	734	-314	-209	374	25	354	323	300	294	-531	209	-147	341	-211	-39	-335	-672
"GLUTAMINE,N,N,O-TMS_1   1  M/z347"	137	945	-633	-160	164	1293	-172	-9187	-1039	1551	3086	1445	-3687	-1747	-483	4754	580	1469	-1686	-691	-337	2659	2100	1492	-7546	33	587	19	-738	1268	479	-257	-209	-3431	223	-1498	433	125	-168	-260	-365	166	-891	-615	440	1466	-1120	-963	552	-492	2270	-466	-1495	52	-682	-430	-1132	-291	1870	-562	476	-937	2010	8698	42	-4526	-239	-176	523	-2387	225	-1430	2550	1024	-967	265	-748	-1899	-1323	-95	2083	-227	616	-914	1668	2820	6	327	1001	-567	710	-1205	-309	-833	5304	1546	-740	-1887	-572	372	111	168	1009	-10	-704	1422	-235
GLYCERIC ACID-3TMS   1  M/z307	-727	1265	-1455	919	762	96	-930	1062	673	201	-66	138	-519	250	283	-209	-1067	-590	-240	75	975	569	264	524	-380	360	-69	148	-833	-143	-205	395	1748	343	-332	-190	506	755	547	-1876	-188	-222	168	146	251	10	500	562	-70	-5	-58	-526	164	486	-253	-130	327	171	337	244	132	922	616	-661	482	-875	628	212	-10	-461	-730	195	611	246	-762	247	-323	-247	-27	82	1379	-370	202	-736	-483	479	-858	-193	307	-207	457	-393	-15	471	1662	224	311	-233	-285	138	719	155	496	-362	128	268	-288
"GLYCINE,N,N,O-TMS   1  M/z246"	-603	-2774	-3243	-916	1362	-1256	-512	-619	1942	2678	-1027	-4038	-576	-970	249	-1619	-3089	-2338	1128	-686	-256	868	1374	823	-1467	99	-748	-3091	-923	3651	543	619	1168	-454	-565	-96	785	225	-2357	-270	1902	-483	810	-1121	-381	-2845	-2285	-1966	3400	-2631	-717	-2905	-5858	631	-1512	-2551	-4046	-547	1877	-48	-1571	1054	140	944	277	-2073	-1055	629	2038	839	-489	-5527	690	2678	461	-2408	-1797	-760	-222	-3279	-4703	431	1106	1212	-931	-4882	-1380	199	-485	607	242	-421	657	-348	-404	848	-1155	-2423	-3774	-807	-1575	-402	-27	-608	-322	1357	-562
HEPTADECANOIC ACID-TMS   1  M/z132	122	2593	-1154	-1206	-867	799	1557	648	664	198	-482	751	3681	-1029	757	326	4095	-85	-403	-55	-995	-472	722	569	-1523	1000	22	1733	-65	1356	326	-576	3384	-62	-284	-765	-317	46	682	587	-437	-787	-868	-337	-823	1391	457	659	-2119	-411	37	-669	771	-549	722	133	241	413	213	1160	1683	-1028	786	1259	109	656	-439	-98.9	-1143	-1001	407	771	234	-1135	-2361	367	-589	1127	135	-2367	-663	577	-1576	314	396	226	146	-2130	181	-453	1615	464	-692	-831	-409	542	-292	-566	2155	383	1947	247	1153	177	-2914	-2524	-480
HEXADECANOIC ACID-TMS   1  M/z171	83	21005	-855	-2000	-5638	3100	3136	1702	286	-371	-1960	2100	29312	-11110	2512	1785	25371	371	-300	740	-2641	-5417	3618	1991	-6075	5910	288	3227	-2020	7136	-399	-1893	7512	-1457	-1151	-5761	-1118	-572	4608	2676	-4984	-4392	-6157	-4268	-3629	7327	995	1883	-11766	-2463	-2551	-688	6155	3016	710	-4012	845	5808	1226	9472	15726	-6404	2092	5993	301	968	-3465	-4277	-8668	-2537	-934	1991	3767	-2110	-9762	3039	-5016	7118	1918	-16696	-4223	144	-7368	2414	-3686	-378	-70	-7337	-1256	-4261	6082	705	-3023	-2759	662	-671	-2875	-4270	14274	3992	17541	529	2411	-675	-9621	-7930	-1939
HYPOXANTHINE-2TMS   1  M/z282	-399	-442	-2246	-580	-1541	744	-1210	-1256	-201	-1751	-188	-1590	-1103	-1914	-123	32	-86	-161	1117	-893	235	491	-58	1422	-999	168	477	5405	1254	-471	-347	-1062	-1172	-2028	-534	-399	490	823	-1170	-762	-456	-1003	161	-66	-282	709	4079	-801	-1269	265	-490	544	-243	739	101	-573	-262	83	17	539	72	145	367	-594	-1299	-280	-1100	-762	211	-812	-615	-1298	-581	-379	-371	-336	-401	-521	-71	-512	-616	-993	-283	-203	-862	3580	198	-938	28	-20	-507	-318	-17	-477	-140	-689	-1453	-772	-118	-60	257	-608	-173	-596	537	4798	-104
INOSINE-4TMS   1  M/z217	-5042	-1693	-12265	-4570	-3920	2291	271	-3531	-2894	-4430	2573	-5185	-3239	-8636	-678	2438	-387	2798	7964	658	-3002	-2833	-468	4522	-2205	-1031	313	103575	3041	-957	-1442	-980	-3247	-3039	188	-1788	1802	3506	-2832	-71	458	-4182	384	35	-1241	131	36884	-2155	-6589	1602	-3187	6933	-804	-4073	-978	-3987	-137	-223	2248	1964	935	-35	-568	-139	-10153	-2138	-8929	242	904	-688	-2671	-19032	-707	-1895	-1223	-1671	-150	-2457	226	-7973	-423	694	605	339	-1452	38839	-423	-635	-165	-534	-3420	-1254	408	-1828	-977	-1594	-9834	-3276	294	-1095	-1005	-89	1857	2212	723	110057	1486
"INOSITOL, scyllo-6TMS   1  M/z432"	-714	547	219	3613	-1569	-327	-134	5091	-25	-40	-179	-656	1354	1804	-894	364	140	1691	-1104	1042	161	981	3022	91	2208	-73	-503	3445	-1595	38	-819	1658	1214	-2265	4	2062	1941	-251	1308	-1639	-490	-2661	-798	360	-126	1760	5356	-547	3588	-222	1572	830	1751	1401	-769	1970	-1759	-118	429	-460	2863	1428	1231	272	791	763	885	-86	-918	-112	-211	355	2156	1435	-1177	-731	382	-211	-2557	-571	2598	2362	1048	822	427	530	1472	-37	1308	-1789	1807	1257	-257	-2205	810	3228	4468	3117	-753	2301	-2332	374	1831	876	648	2563	178
ISOCITRIC ACID-4TMS   1  M/z466	-1964	660	199	489	-205	536	-303	-905	-1399	-83	824	1514	-3473	-1964	-5123	1299	-939	-1400	-4047	32	-714	861	-3233	-227	-1823	1942	76	543	-432	1308	-1094	-1114	-975	-632	-325	-2488	1086	-189	-1537	-595	-2371	-1654	-342	-241	-1159	417	270	-882	-815	1679	-885	151	-1427	-514	-1643	-1550	-444	-778	-2357	446	433	-1569	808	-479	-743	-492	-1808	-808	-773	-2592	878	1285	2043	-741	-904	270	1171	-288	-1085	-810	602	74	1034	-2704	-112	-800	-1657	-2319	1463	-646	-1456	-1009	-448	-841	-1199	691	-291	-1562	-943	-400	408	96	-970	455	324	-395	-1574
ISOERYTHRITOL-4TMS   1  M/z277	-10	-411	-395	575	-339	-453	256	-495	-121	187	-95	-164	286	40	381	-196	-52	132	-18	-339	385	47	166	119	-111	302	9	-24	78	109	321	-1551	-49	464	271	744	580	-388	127	-187	-199	-458	203	-637	-275	190	-6	-383	89	216	-32	175	12	-395	98	301	52	-335	87	-298	-464	38	302	-114	109	162	551	-93	-137	-253	13	-139	127	-43	-89	129	531	7596	-663	-693	41	-102	-70	-97	115	-73	-586	-138	-76	-202	-9	-16	29	84	190	248	480	379	-357	265	-197	-7	-7392	-280	531	-214	140
"ISOLEUCINE, N,O-TMS   1  M/z233"	-86	145	-56	-2089	2085	1340	80	-1915	1630	1737	1686	809	-2517	104	-81	940	-3819	837	133	-2695	-333	2635	6634	4989	4966	784	374	-836	-2720	5434	-1007	-3392	-1168	-2717	2497	700	799	-2121	706	303	2024	4715	42	-1956	564	828	-3445	181	5368	2487	2185	-2135	2548	-3059	-18	985	-3456	3913	5996	-3796	-825	326	1542	-1260	134	4739	-1235	4025	3119	1614	381	-5631	1772	2664	-238	-8709	3172	-5109	-1691	292	3133	-1461	551	-121	492	5691	-1613	854	1304	724	4430	-1031	-2365	-501	-6007	7328	11434	-699	-3639	48	-2393	-587	1042	5134	743	2999	-333
LACTOSE-MEOX 8TMS_1   1  M/z204	828	32	293	150	-210	565	-281	-10	-10	-531	422	-192	-439	326	-74	836	-721	376	2314	-665	-425	388	-31	108	-679	-317	-142	84	-1272	111	130	-534	-360	205	356	-97	-35	142	138	3200	-1626	412	211	-288	163	392	-1053	1630	-390	198	48	209	-743	-324	-14	180	401	1337	1711	-514	-98	-132	664	-1282	-14	2412	-38	-5	-229	52	412	217	-36	-386	200	190	-198	-206	-1121	603	2888	-543	-702	314	-599	2697	-377	-235	-106	-140	46	-1077	-1032	102	121	37	-184	-123	1777	144	-95	171	-170	699	-192	171	229
LAMINARIBIOSE-MEOX  8TMS_2   1  M/z361	-221	-811	139	-212	-322	380	2450	-922	644	-156	217	-146	-591	36	479	-380	309	593	57	-311	252	965	-402	-105	72	-29	231	-227	-355	418	-193	291	-357	254	80	-190	-471	274	-57	323	-383	-22	341	117	248	138	82	-298	-111	-318	176	-22	-636	223	79	-199	-515	-700	-167	-369	89	-177	-376	56	363	-556	-520	5	322	-610	91	-405	894	-15	-197	126	-45	-139	284	-118	-380	-282	-200	-108	-401	561	-292	160	398	556	-115	21	504	302	335	-19	7	273	-9	38	-420	27	-90	380	697	202	-7
LAMINARIBIOSE-MEOX 8TMS_1   1  M/z217	-557	-3334	1146	-1677	-52	2771	8530	-2037	-1940	-1111	-977	527	-214	607	-1370	139	1079	-44	-128	-1057	1971	4176	-1387	370	-294	-1439	766	-298	-3498	-224	-727	-324	133	-282	95	-1149	-1015	581	-50	2670	-1373	-844	243	1927	404	539	485	-651	146	773	1027	299	179	1530	-164	2539	-672	-1252	116	90	372	617	-633	-411	-649	-1806	-581	-521	727	-1135	-667	-662	545	-254	228	1502	-1298	-1827	-96	-18	-653	-1028	216	-536	-414	2604	471	183	179	1030	-155	-1174	1281	416	1882	-216	-63	40	-814	850	-140	1035	891	230	-691	-70	679
"LEUCINE, N,O-TMS   1  M/z158"	163926	-72085	-252074	-171409	27190	108504	102224	-231128	91997	178144	80863	131111	-225895	-24146	-17830	204580	-393665	36313	132944	-253952	-23066	185679	264566	231610	181254	87168	49660	-99412	-145534	286418	-41640	-260499	-90231	-259620	172576	31502	61884	-88060	-10557	71750	-20856	327696	-42546	-190992	55574	13729	-354921	78263	362299	224295	103450	-101271	113213	-194936	29298	75655	-265947	176359	200946	-140019	-82673	27013	35916	-116913	35092	144730	-166964	164487	189556	55197	51631	-300171	101980	81055	36075	-340181	202107	-307761	-107145	62945	101861	-38860	60722	59711	-126976	129519	65850	73057	87844	46366	197309	-80204	-25995	24454	-253387	311581	444223	11831	-76500	812	-77051	-33692	-2789	162767	-24569	142152	-41505
"LYSINE,N,N,N,O-TMS_2   1"	-247598	30509	433430	-194282	-109338	-66839	-252772	-607402	255472	-99982	337298	-381050	-314866	25894	2512	303670	-177944	70746	322128	-511718	-7465	311693	534077	281696	240300	19362	412337	-203664	-531185	90479	45628	-154060	-88380	29467	140129	-50322	-45631	-22076	-301451	-73790	-154899	265895	38584	53721	133299	-94069	-509925	373001	518992	487980	-132057	-179723	-444134	10628	25738	-209894	-74029	220130	369089	144362	-231957	6140	262172	-265965	122836	97580	71486	77859	-144708	-47348	53656	-653015	264639	157222	110533	-645002	20716	-338754	-244742	-69054	-112805	-54235	12435	192125	-293402	263523	-83939	192649	236272	-302005	417302	-283342	-104272	-127533	-471645	592027	477402	-582787	-402389	94106	-369067	-4491	-165507	131869	44383	-955	211887
"LYSINE,N,N,O-TMS_1   1  M/z102"	1456	512	-1553	-226	-1899	201	-78	-1879	-114	720	499	241	-113	309	-742	612	-437	376	-29	-2535	1791	1159	-63	154	1213	450	-57	-14340	-2632	419	1753	-32	-738	-6746	563	-1564	-901	-1194	-1410	-2158	78	312	-312	-168	439	-564	-574	-801	1238	103	721	6	27944	-4045	-224	-489	-3540	-1177	217	-1904	-1219	-1243	88	-2168	452	1341	-556	-118	180	-1806	593	-436	575	69	81	3665	-27	-446	-837	-73	-48	-596	-42	-361	131	179	696	1275	2715	-8386	12766	-295	-995	-345	-14327	303	5696	-700	-565	378	150	1398	-781	1918	-15	116	-659
"LYSINE,N,N,O-TMS_3   1"	-963	-740	-82	-3268	-2284	769	-884	-296	-559	-470	1047	-403	2079	1953	-2968	193	-2287	867	2117	-2314	-1356	-4640	2834	2634	6375	2092	142	1529	-3175	5298	-293	247	-1697	-4366	-270	762	947	714	-677	215	-1779	-454	183	35	-1613	639	-644	-646	8035	-144	571	-192	-710	-386	-302	78	-1726	-1516	5278	822	1234	281	1641	-5609	1742	4291	-678	1864	-858	-1525	590	-7758	2344	-1240	-346	-6253	-500	-8570	504	-2873	-2003	-196	-1518	625	-1373	2842	-1609	-1120	-3236	-628	4218	-4442	-1945	-2100	-7493	6640	10066	-1696	-689	-1485	-598	-3046	5442	691	600	2646	-834
LYXOSE-MEOX 4TMS_1   1  M/z104	93	-100	-655	240	1872	-41	-2269	1761	-155	378	-332	-603	126	76	-316	99	-117	3421	-282	-184	-59	199	-443	-40	1086	11	-95	26	202	-3984	-103	2021	1345	57	-40	4880	624	-29	49	-3295	-131	-118	-38	-6	-97	292	-363	-899	3019	124	351	-145	250	-66	329	162	56	103	-45	-505	-1903	142	-214	223	-4	442	142	45	-105	-443	210	-30	-15	-10	-73	1432	27	281	336	46	-98.9	-1658	-74	-7578	141	63	-119	-287	1074	-419	281	-152	-108	-623	-94	410	631	-12	7949	-149	-17	-170	1511	554	-282	-2977	-821
MALIC ACID-3TMS   1  M/z245	472	77	1120	-516	-164	-193	-196	-501	-553	-536	-589	-448	-159	108	-913	431	418	-114	-206	-209	-399	485	-766	414	187	302	32	-718	-188	-90	188	-281	-1022	396	154	-1153	-98	433	7	-177	-448	-45	-625	-81	96	-111	-2	207	505	-528	84	69	-173	228	215	-279	-277	525	26	314	187	-237	43	247	-307	-244	-83	-326	260	-140	-183	695	232	77	-578	1118	1848	400	-569	363	782	76	-280	-2103	78	-104	-714	-232	230	417	50	447	-570	408	-629	801	119	307	191	0	-74	-131	-353	496	-402	208	-85
MALTOSE-MEOX 8TMS_1   1  M/z361	-28	-3762	1234	-434	252	2795	8436	-1718	-1521	-709	-4	-936	26	311	-948	377	1657	-445	420	-1127	2142	3874	-1456	163	-751	108	544	649	-3193	-750	-763	-601	-58	-135	180	-1264	-1194	545	165	1908	-705	-625	2	1116	584	457	783	-194	-586	664	400	-732	-264	1651	-43	1205	-1847	-1239	-719	234	-128	650	-68	-497	-428	-1805	-314	-910	391	-613	-580	-738	603	-551	-279	280	-1439	-1059	-70	562	-1020	-1388	350	103	-371	2761	115	20	486	1367	-757	-857	707	380	1281	-254	-93	-104	-1123	1337	403	243	947	214	753	552	1863
METHYL HISTIDINE-2TMS   1  M/z168	2883	0	-141	-244	-2845	1405	-25	-523	489	6004	2054	334	-2503	1652	2195	-1709	-130	1019	27	-395	2579	-169	378	75	11684	221	2410	131	-2164	-877	0	1190	-821	171	2595	404	-790	-3496	1664	-666	488	-64	2760	-112	-350	1249	-1146	-457	6065	-43	3304	-301	2219	-135	-136	-239	1473	61	-50	-593	548	-38	-309	9318	844	11397	-4	-970	-257	-2593	-1312	-53	-45	1347	-630	3052	2380	-1295	-348	1272	101	63	-74	0	1162	-288	986	619	81	-2024	-737	94	-395	272	-3995	0	16443	153	-97	749	459	2123	0	2330	-983	521	-605
"N-ACETYL GLUCOSAMINE-MEOX N,O,O,O,O-TMS_2   1  M/z159"	-97	13	1167	2238	-447	430	-533	540	-237	197	-344	-401	-453	993	-690	304	-359	325	-554	263	371	361	1924	-228	1021	-85	145	366	-1343	-114	-374	322	413	-636	42	701	580	-464	538	-561	-269	-772	-603	576	-406	-95	1429	361	138	-167	642	413	882	158	-210	396	-542	-409	30	-447	502	100	591	137	932	906	4	-115	-1093	130	-1198	718	1325	73	-864	122	283	-463	-648	-323	1329	1349	-142	-295	505	282	260	-548	423	2	977	-275	10	-65	610	1129	1529	1107	540	689	-669	60	1030	-742	679	205	68
NAPROXEN-TMS   1  M/z303	-101	-38	178	-31	-255	28	-270	209	-180	92	-142	-17	-85	361	147	42	-69	-127	183	-124	-100	22	34	52	91	119	-113	325	-14154	162	-158	204	202	-64	-243	104	56	140	0	35	-19	-250	103	31	157	189	545	-57	356	-110	-120	57	-5	225	23	-170	-24	77	66	77	43	268	222	-59	236	69	-9	-163	107	-136	-192	-9	112	205	-110	-35	214	-173	-289	-529	300	156	-90	103	-15	33	50	-503	247	-12	153	142	-349	628	-23	274	249	34	708	9	-110	151	356	-31	312	213	309
NIGEROSE-MEOX  8TMS_2   1  M/z361	-146	-820	334	-520	-290	449	2207	-795	755	364	-424	-141	13	188	591	-496	460	551	17	-753	234	1097	-213	-187	113	-112	232	-240	-435	425	-132	-42	-139	160	289	-192	-472	336	32	296	-222	-10	373	1020	406	561	54	-555	-33	-364	98	-101	-462	275	-452	-230	-700	-701	-92	-436	246	-284	-94	-52	250	-556	363	-591	209	-271	-321	-250	963	6	-348	183	-126	-52	-84	55	-422	-277	-110	-104	-159	626	-231	353	437	582	-171	-165	595	186	292	-326	121	-75	-393	-34	-284	39	-36	469	760	323	-26
"OCTADECADIENOIC ACID, 9,12-(Z,Z)-TMS   1  M/z337"	-144	13624	-395	-4758	-2970	2426	1785	6107	3707	-1430	1052	-727	24084	-11159	1893	5894	32545	-786	396	3271	-530	-6928	3529	7107	-3294	6577	1401	8166	-106	14414	-779	978	9941	-2834	-1451	-7139	-3686	-1038	2753	2019	-4353	-4000	-9062	-3992	-6408	3212	3413	-468	-10715	-561	-5839	-546	3716	5487	-1295	-1748	-4466	6846	990	13671	15727	-4201	1436	19496	-1695	386	-1911	-1473	-8136	-3666	-5401	3366	8207	-2567	-11084	-1333	-5787	3973	8923	-8054	-4357	-3467	-5622	457	-2456	636	738	-9315	-1247	-3831	3440	-405	-1485	-3938	2361	4179	9009	-15793	12081	-302	21432	1323	2082	1751	-9339	-6113	-780
OCTADECANOIC ACID-TMS   1  M/z313	868	2936	-481	39	-1045	983	1292	240	204	-130	-221	351	2581	-1443	-1152	1254	1437	-117	-448	-9	-691	-1909	483	776	-648	592	-238	1000	-137	1189	66	1062	1935	-398	-529	-1713	-12	-29	-264	-164	-1434	173	-929	-1296	-887	1256	1018	395	-2897	29	-962	30	1656	-296	19	-650	-184	1395	-107	1185	3113	-990	436	1106	4	-19	-2023	-595	-2349	-154	1763	553	1963	-1115	-3038	64	-494	2900	202	-2306	942	617	-1914	811	608	-262	713	-2375	-263	-658	814	629	-1100	187	-361	568	-268	-861	3392	894	3257	-96	850	-43	-2335	-1732	-325
"OCTADECENOIC ACID, 9-(E)-TMS   1  M/z339"	-2714	92463	-10891	-17701	-15722	18286	18760	16126	8357	-4141	-8261	13167	151970	-57213	16542	23407	127684	2122	3444	3587	-5100	-34725	13729	8320	-44916	39159	10125	23905	-2056	58247	3765	-2872	47488	-7558	-3400	-34427	-8137	1007	35512	2154	-27111	-22503	-42251	-6245	-31539	38871	9981	11332	-63287	-20537	1745	146	18184	21331	-95	-31668	1628	33910	1633	60133	87480	-45611	6443	53990	3082	20296	-22659	-26750	-40438	-26675	-16129	10641	26199	-26089	-60969	-5032	-28316	42299	7753	-86888	-29046	-5228	-26657	4499	-17008	-8828	-3420	-46127	9982	-28079	31508	11094	-5507	-33209	7643	-15824	-21882	-38116	85242	23565	96295	6809	12308	3779	-47838	-45561	-38732
"OCTADECENOIC ACID,-9-(Z)-TMS   1  M/z222"	-88	27933	-3305	-4597	-3528	5691	6320	4779	1266	-1588	-2668	4531	47286	-15997	4420	7564	39442	498	991	-246	-1570	-11391	4269	2674	-14569	12280	3350	7585	-360	18099	0	-1834	15340	-1992	-1708	-10633	-3060	629	9796	399	-8026	-6681	-12899	-2370	-11301	11414	3277	4650	-18341	-6595	906	-97	4611	6240	-70	-10623	520	9610	214	17587	26592	-13394	2745	17718	653	6358	-6982	-9365	-12524	-8479	-5018	3363	7900	-7902	-19793	-1469	-9107	13676	2416	-26643	-9123	-2674	-7016	1626	-5892	-3789	-1835	-14761	2815	-8685	9822	3072	-2243	-10347	3948	-5547	-7043	-12064	26362	7041	28420	2469	4385	1306	-15504	-15034	-11063
"ORNITHINE,N,N,N,O-TMS_2   1  M/z420"	149	-874	-543	-1680	-2036	241	219	-2855	1559	-1388	1512	777	-2733	1902	-346	1540	-2683	728	-287	-1164	1308	2129	1191	1603	-698	-1342	-568	691	-1405	3513	-453	-2849	-779	-757	1453	-2201	-500	155	-2468	234	284	2234	-1987	-97	162	-973	-565	-667	1600	-287	-352	-2270	-4610	-230	-253	819	-1340	485	1174	-2850	214	-177	481	904	-520	-390	341	1249	669	279	-787	-3350	1551	-379	-125	-2020	-483	-6955	-3033	78	-1068	-316	353	-1219	-447	4082	-1311	-228	429	-950	517	-1806	-1131	-1720	-2145	217	1279	-1358	-1744	-906	-1973	-316	-16	1308	1301	4023	-328
"ORNITHINE,N,N,O-TMS_1   1  M/z144"	2646	731	-3519	-1943	-2787	1209	-895	-3941	-151	741	1694	1966	-2471	1101	-410	796	-1131	1819	-439	-17	964	2778	562	453	-703	-311	124	-7913	-3774	1922	1495	1041	1091	-4362	940	-2230	-386	-1171	-718	-669	944	1248	-1577	-1425	1572	311	-2071	-2075	4857	-489	989	-776	7712	-1522	607	1402	-2233	-354	1789	-1249	196	-1109	1512	2715	423	610	-770	143	472	-585	-847	-1772	527	1885	479	-65	-479	-788	-143	-108	160	-391	1455	-377	1195	-80	-195	885	2194	-2998	3024	63	-537	-36	-6091	1923	2940	-2780	-644	-47	-488	-695	-1129	3238	964	951	-421
"PHENYLALANINE,N,O-TMS   1  M/z268"	1402	306	162	-450	-656	-115	-373	-805	280	-124	543	43	-330	351	-227	593	-862	352	-395	142	164	931	720	-39	735	104	275	-595	-370	732	14	-379	-759	-502	828	-386	340	103	-22	-462	50	990	444	230	-387	138	-549	239	520	334	116	-831	180	-82	368	625	-171	-55	842	-270	408	9	-335	-522	86	231	-578	223	-844	295	93	-219	674	913	-80	-711	713	-936	-399	879	-103	-635	-322	410	260	997	-349	242	254	-260	334	-75	247	-23	-453	680	826	566	-441	-301	595	-353	-128	539	818	960	99
"PYROGLUTAMIC ACID,N,O-TMS   1  M/z159"	1285	-857	237	-1390	-2871	-1374	-1487	377	544	-65	823	1394	-142	-694	1032	-807	-3214	-199	-54	-791	756	392	1080	1584	2298	717	484	-1254	-839	1123	-1963	-1660	-1498	-521	-2459	-84	529	2	-70	-290	1554	1155	-372	-2027	-286	-799	-2929	-503	2183	-255	-421	-2049	4406	-404	-623	-2003	-1375	-454	1825	-250	-160	-296	-648	-4081	-514	-334	-1996	1706	155	1658	1654	-1710	-452	755	211	-2555	2057	740	450	-1739	-1085	-343	1100	573	-1115	-516	210	198	-799	447	103	-224	-563	506	-2833	1933	2043	-914	-2719	-1430	-2356	155	-383	-512	-404	2786	161
SALICYLIC ACID-2TMS   1  M/z268	-595	117	-865	-66	-32	-91	427	339	62	363	18	-138	242	-287	183	420	103	-616	132	68	-4	-423	290	7	-381	312	-294	-172	132	914	-488	7537	-135	-82	-173	250	50	-279	-25	-295	-196	-360	-253	-269	-155	228	297	-532	57	710	-461	316	565	-291	420	252	-186	-94	-119	-742	-345	127	-36	-403	-113	-346	144	-131	-370	-335	276	20	288	338	219	-207	185	443	-409	180	1	-198	-66	-169	61	-184	-268	19	-239	209	124	210	-406	-437	-185	228	168	491	-496	-58	-856	91	333	-369	100	-144	403
"SERINE,N,O,O-TMS   1  M/z307"	-850	470	-1103	-1485	-290	-54	-189	-1663	-1	685	-431	-912	-735	40	525	441	-1154	-192	-751	151	-65	281	550	1399	298	-635	113	-1106	-1451	1685	-341	-261	-458	-1071	-207	-765	827	-114	-1253	-981	-30	68	-1514	-731	-673	-479	-834	-879	1604	-1105	-11	-1497	1107	334	129	-857	-1590	-302	883	-1203	-599	-132	109	-470	66	-907	-898	822	1119	-327	-30	-760	258	-53	792	-900	-1078	-1206	-1194	-726	296	-722	826	-433	109	-108	-330	135	309	170	239	-375	13	-883	-1472	639	-907	-708	-1075	-639	-1179	57	-280	-306	226	1082	-385
SORBOSE-MEOX 5TMS_1   1  M/z364	1091	279	1284	3232	148	99	-513	2046	-2901	3760	-18593	1042	-213	445	-21340	2458	-481	14089	-11711	1849	-9817	3452	-20916	-1381	-5815	193	-126	5301	469	-706	-110	1789	-2368	-3847	603	4029	94	-312	808	-2322	-1592	-730	-23	-681	-177	-1877	31805	-9860	24479	3417	426	-200	32225	-1464	11907	-239	-378	-362	-1999	749	-4578	677	9725	-18631	-259	507	1053	-130	511	-18236	629	5675	1166	829	1609	694	168	-616	900	1631	23572	-997	27	-24290	4478	-13239	-136	-511	11396	-8362	-3475	-6404	86	302	2812	9933	-275	-257	1994	-290	138	-1208	229	594	-148	869	-29752
SORBOSE-MEOX 5TMS_2   1	48095	7427	41590	111869	9335	30063	-10576	68699	-108020	119790	-536107	41669	-9513	35876	-621164	87518	-10511	317160	-339944	65280	-254382	75858	-565597	-47399	-111720	-2106	1253	136212	7149	-26963	-8274	71780	-59281	-146193	35497	142833	1715	-6452	8980	-54160	-38891	-10764	-9435	-5873	-8738	-79458	888442	-291279	697880	128358	37710	-15344	901012	-39022	313256	14499	-13850	-15803	-55387	34499	-168489	23626	280136	-500799	-898	11365	23150	-13570	-5674	-534663	35075	137421	49831	27885	44495	24617	7032	-22557	33915	64993	642928	-34573	-5092	-661997	101673	-350694	1263	-5581	302515	-216503	-84855	-167005	4358	18496	63186	253535	-1996	10439	69590	-18229	-2165	-29740	3240	11994	-3265	20222	-861798
SUCROSE-8TMS   1  M/z362	-2273	-4573	-617	1279	1055	476	268	1629	-2035	952	753	313	752	103	-874	-66	-264	110	257	829	353	224	360	89	202	-928	273	1789	-2324	75	-371	-8	95	-1019	-544	1402	-655	974	-1866	7652	-2895	-452	-2613	4667	-103	-2305	970	1994	359	227	-100	-343	400	-39	863	-15	214	1351	307	-336	-779	217	1058	-1317	-283	799	-634	-682	-395	904	153	399	102	583	-2415	722	-2207	2003	455	41	2719	-220	268	-75	1216	-1936	-663	205	-47	-66	491	-434	-637	-165	-654	1016	-306	357	767	212	-538	272	-120	49	-325	-324	-808
TAURINE-3TMS   1  M/z328	6	919	301	-408	-124	130	340	98	55	42	0	-162	-56	0	85	36	-534	0	-100	-65	1238	3011	-167	185	-1286	1528	520	7744	2334	869	-89	-157	-1339	42	-158	0	234	0	109	-1228	199	-677	-1019	483	219	0	451	-549	1191	0	0	1479	305	700	-1294	120	168	897	-571	1063	86	283	57	-839	-659	1022	322	-669	-510	-858	-1023	-1332	-199	-321	-525	-242	-1084	-635	-1078	-154	-1017	-785	-515	410	82	4375	-560	-894	2404	228	-968	-1394	140	-863	-1142	515	-155	-1208	-512	-314	-1073	789	484	1753	212	2716	699
"THREONINE,N,O,O-TMS   1  M/z293"	-290	50	-3406	-4725	-1355	-1939	-1540	-4996	-2698	1409	-4226	-4814	-6361	1268	-2409	213	-6575	-366	304	-4718	1271	1847	4967	7103	588	186	1951	-4768	-3574	5388	-597	-5263	-3363	-2874	-140	1194	-1767	-4219	-5026	-4604	5108	30	1538	-4809	-764	-4126	-5750	-5309	11304	-971	3595	-6425	5431	-805	3374	-770	-6626	-3494	4693	-4401	-3033	511	-802	-1413	1126	163	325	-837	4380	-3678	-8934	-8481	1542	4780	1281	-5934	-3452	-8672	-6978	-6575	404	-1685	1962	397	-787	711	-5418	1033	1296	-335	2927	-2933	-2932	-1245	-6546	8998	-9423	-4606	-2244	-1469	-4532	262	284	172	781	1711	-3140
"TRYPTOPHAN,N,N,O-TMS   1  M/z303"	-1372	-354	-1046	-703	65	-409	-549	-856	-2181	-281	67	-1076	-394	-554	-575	-259	-1961	-381	446	-443	-576	-310	745	-18	477	80	252	-1038	367	742	-240	-48	-195	-1819	83	-870	-177	596	-994	-159	9	-283	-881	-2013	-276	-964	-1389	-211	753	289	133	-1374	-307	-1061	325	-379	-2849	-763	875	-1098	-771	248	-24	62	-220	-35	-1725	-216	-290	-1048	-629	-1985	367	-90	-152	-1244	-85	-818	-160	85	-870	-1391	674	105	-443	-262	-550	597	278	-726	-153	-282	-571	-374	-730	574	663	-724	-383	-813	-1597	-304	-591	204	553	180	639
"TYROSINE,N,O,O-TMS   1  M/z382"	362	-63	-110	-2474	-439	670	-2070	-1760	-481	-531	-847	-667	-2144	-1592	232	-230	-3632	901	286	-855	-674	1537	2207	389	207	-780	-927	-1490	-3621	2301	-1856	-6002	-1507	-3778	1085	-556	337	469	-2111	-500	774	3170	-24	-860	-839	-877	-6280	305	5254	58	-264	-3403	1367	-2727	1103	-698	-3036	-1645	3792	-717	-364	-329	1433	-763	-638	922	-686	2277	302	992	-321	-3333	315	-399	555	-3747	740	-4779	-4361	580	-1256	-1147	725	812	170	1571	-87	650	247	-260	997	-457	-903	-195	-4496	3306	2097	-1978	1011	-1182	-969	334	-665	1581	858	168	404
"URIC ACID-N,O,O,O-TMS   1  M/z72"	-1848	16372	-26	-846	-5304	-19326	-4332	-20965	19506	7709	-4019	-42662	17331	12847	5535	4340	-30627	1659	29266	-10955	7471	1778	7025	-21554	-32123	-6127	6851	-31834	-9823	-14136	-7400	10067	-12925	-2665	8637	-16386	6878	-6282	-8563	-21006	-16474	8064	6423	10263	-10292	7866	-5883	18447	18861	23624	10570	-3244	23892	1787	-18995	9706	3313	-10775	-2902	1711	6916	15578	7942	-11556	12800	-9283	-9733	-8520	-21100	-15483	-403	7762	16854	20298	2928	-3743	12977	-7229	-8972	6944	2092	-9931	686	2447	-13345	-1661	-18017	-3887	16513	-16060	-16746	-5388	-6207	1379	8039	-2913	17948	-9407	-7292	-1718	7487	-853	-4759	-16502	-1139	-29048	-18433
"VALINE,N,O-TMS   1  M/z246"	2857	-489	92	-2724	-4216	2711	-6736	-7328	-535	32	35	1058	-1342	1708	-1062	3777	-5288	571	23	-3719	1857	2234	11422	3081	3913	-273	2500	-983	-5039	5031	-2165	-5768	-2557	-5312	3928	717	-2682	-3669	-1270	-2371	-105	3931	156	-2706	2079	395	-11053	-1248	8546	2924	2821	-2636	1389	-7483	5254	1211	-2519	5884	5727	-3788	-2152	1643	1345	-1233	-1253	4218	-2097	1646	1906	-1676	-205	-6651	1630	1959	-572	-9139	2526	-12218	-4667	-16	561	-1057	1545	747	-1039	3703	646	620	785	-1097	5238	-2400	-4455	-182	-8172	9532	11512	-3109	-858	-837	-2307	-1304	1355	5833	220	3723	-1618
 Tryptophan_Ri2161Mz202	-3109	-556	-1505	-57	-359	-2172	-2165	-3173	-2331	-926	-1585	-4195	-801	14	-830	-291	-2211	-759	-129	-1821	-1054	-498	288	-781	-353	137	-212	-694	2534	-127	-593	-406	-745	-1773	-539	-676	892	368	-2003	-2254	-194	788	58	-1751	-164	-741	-1782	-2215	339	-273	166	-1162	877	279	-674	501	-1406	-387	-291	131	-993	626	275	-320	286	-337	-145	-9	-1013	-647	-389	-305	312	1494	-497	-186	796	-77	34	-707	320	67	428	-164	444	2686	-19	307	402	-472	44	-795	-941	17	-2160	1410	3472	-149	-29	-712	-1733	-60	1506	-321	-258	-492	68
Benzenebutanoic_acid_Ri2182Mz192	-1509	959	-1114	-1918	91	-1097	98	-1090	-142	-1148	257	502	-293	-994	339	-316	-1218	1765	62	1285	-1097	263	86	741	439	104	624	-61	1564	128	-394	-482	-804	-1233	-365	208	-635	-92	687	-671	-60	1224	825	297	404	-516	994	-41	-352	692	-63	-1363	-377	-206	225	-161	1219	177	200	324	-187	-399	-968	-568	179	267	162	-363	340	757	-685	-435	392	236	-10	-401	1135	-243	-782	-546	27	-838	-433	-574	-135	249	-1398	1069	482	-861	-443	-354	541	-119	-186	404	-387	675	364	-656	-1291	188	59	-969	-22	-508	-740
Myo_Inositol_phosphate_Ri2399Mz299	354	692	-1067	-314	209	-853	-505	398	-653	-1426	703	-1179	375	86	439	35	202	-54	568	2	-660	468	1339	489	259	-163	-543	1112	-139	-384	-395	397	588	-552	-389	-544	604	-337	-1416	206	-314	-197	-324	-529	204	226	-218	244	-500	-1162	49	-506	383	-726	552	1032	-344	-123	124	-83	24	424	690	301	-454	-245	-32	915	-750	-252	453	74	694	409	-784	397	-267	860	-632	-301	72	17	-324	124	326	-103	-9	55	-266	214	-640	-918	-787	98	-67	271	188	507	-339	-542	74	215	179	1339	-92	124	195
Kynuerine_Mz192  Time: 373.01 to 374.92 Mass: 192 to 192	-932	150	-99	-200	-502	-168	-367	-421	-9	28	190	312	77	-100	-390	313	-903	722	137	788	-909	146	-105	270	62	-80	107	30	498	-159	-30	-324	-767	-487	-230	39	-113	236	350	-429	38	471	688	-116	147	-292	451	-251	-118	328	90	-525	299	477	140	61	320	164	-66	-366	-196	-80	-72	-172	91	-82	-262	-44	11	58	-279	-186	1	-161	-126	-28	507	4	-338	-431	50	-202	-335	67	-146	-3	-458	330	206	-566	-68	-175	41	-329	-277	521	-122	0	-71	-69	-539	353	-28	-470	-170	-134	138
