Sample	G101	G102	G103	G104	G105	G108	G109	G110	G111	G112	G113	G114	G115	G116	G117	G118	G119	G120	G123	G126	G130	G132	G133	G134	G135	G136	G137	G138	G139	G140	G142	G143	G301	G302	G303	G304	G305	G306	G307	G308	G309	G310	G311	G312	G313	G314	G315	G316	G317	G318	G319	G320	G322	G323	G324	G325	G327	G328	G332	G334	G335	G337	G338	G340	G341	G342	G345	G347	G350	G352	G354	G356	G357	G359	G360	G361	G363	G365	G366	G367	G368	G372	G373	G374	G375	G379	G380	G381	G382	G383	G384	G385	G386	G387	G388	G390	G391	G392	G394	G396	G397
1-MONOPALMITOYLGLYCEROL-2TMS   1  M/z371	-526	-1336	822	1452	-317	2004	-1446	-225	-291	81	-442	-1055	84	308	-331	-44	845	-2813	-54	-1671	-626	539	348	229	-617	542	-1553	448	2	-167	-185	-911	-61	211	232	-318	-384	340	-1025	-149	117	-348	-219	-378	-1728	-1349	-285	-149	-13	78	-623	122	-1558	-870	303	-727	147	606	-438	-1082	132	7	233	159	-278	1534	-21	142	124	-1025	263	-967	-727	-569	-355	556	455	594	-127	-664	-1390	828	272	-354	345	322	-233	-482	-677	-1193	-128	25	-355	3	792	121	683	526	-123	1247	-547
1-PALMITOYL-sn-GLYCERO-3-PHOSPHOCHOLINE-TMS derivative   1  M/z301	-2079	-2804	-6196	791	-973	-4263	-4513	-3357	-5636	-2800	-1055	-3844	-5140	791	-2495	-1933	-1631	-2348	-698	-6832	-2256	-1141	-1433	2018	-1056	-1590	-2753	175	-233	2374	85	-3538	-1190	-3198	-752	-1364	-1781	-470	-392	-1670	-337	-1498	-818	582	-2962	-2776	-5120	-412	98	-5	-1536	-2025	-896	-1891	1448	-1550	494	-964	-1099	1740	-2060	-1239	-759	-1284	-596	958	-2226	46	649	-341	-789	-1425	-905	-342	-2224	562	481	1737	-874	-797	-2153	-1126	367	-1625	691	-2845	-596	-1929	-1283	-3404	-1820	1136	-1410	-4536	-201	-934	-1136	1967	-1119	-1496	-585
"2-AMINOBUTYRIC ACID, O,N-TMS   1  M/z130"	-26860	35910	-14714	-9651	-87134	5188	-7064	-36585	17780	-69424	-11550	-13555	-2267	-7500	13640	-22446	-6557	2652	-3887	15991	-28248	1161	12409	-6390	10477	11999	27744	45535	-27790	2043	6851	9603	34723	6299	19471	68844	33390	-31335	4033	19988	404	-52739	-18665	-30937	-8659	-17824	-6166	-5800	4411	12402	537	-14675	3947	7356	1308	49452	-15728	-25187	-8409	76031	17878	-13661	29863	34341	6444	-16634	34761	-14837	14029	118177	-16409	-31951	-37806	5804	3808	-69629	6168	-59084	-8292	-19590	12724	2288	93963	67981	8631	-11181	-86099	-46198	-7757	-14033	6903	74071	22846	147979	-128561	23712	2375	-45039	-7220	-6970	-27846
3-HYDROXYBUTYRIC ACID-2TMS   1  M/z204	596	955	-539	-3222	-20502	4350	-1656	10272	-544	2124	-407	18708	-5257	-1496	32141	1413	2088	2959	-310	-2093	6536	-1473	5278	979	2662	-8836	-1282	11643	923	2487	-1222	-557	-3039	1026	-623	10995	2913	-5313	955	5994	-163	-1295	-1677	-3094	32552	-12614	706	980	9894	-4149	250	-1862	392	300	-3395	324	-11467	11460	-485	3910	399	39150	-15480	25836	524	3457	862	8471	983	-7896	419	-2114	-851	-1130	-2582	-400	662	-1378	-38034	-411	11776	259	-344	1026	920	16	-877	124	-265	-1262	-2869	30579	-712	16148	-7792	4124	758	362	-384	935	7018
ACETAMINOPHEN-2TMS   1  M/z297	-140	4123	-478	156	-1059	-169	-9	-614	-460	-152	0	425	242	112	78	2548	-196	-391	177	309	0	152	130	-159	-91	2706	0	0	-188	598	-441	22	290	49	11091	138	-233	147	-390	0	-300	0	-183	19	468	771	2760	-686	-82	1049	305	383	73	464	375	267	-37	-21	-98.9	106	150	283	-379	-61	-274	-57	181	-323	-104	2559	-213	-148	-3	-101	88	-33	0	1019	9896	91	796	1194	-232	859	-44	-117	243	36	63	-70	42	314	-124	65	-256	66	155	-494	69	-18	0
"ACONITIC ACID, trans-3TMS   1"	951	2191	1743	4228	-798	4292	-519	-1073	-1846	-2038	-595	2771	1274	-2351	1012	1154	1576	-678	-4116	998	-1471	2143	-1906	-609	2774	-1381	-2452	393	716	-1553	691	274	448	-1122	2825	-1128	-2690	5043	-1405	4087	280	689	1344	3401	2308	97	1438	343	-120	-1487	-1979	-281	2728	7818	-2220	2611	4020	1361	1984	-1329	5955	1409	192	2349	826	488	149	-437	5524	-2597	1485	-2578	-590	-3225	-1036	2913	-555	1107	-1011	-74	1433	1984	892	-636	-1570	-3073	-3032	-530	-2616	-596	-133	2783	714	52	-3398	-2555	1817	1878	553	-4372	-4047
ADENOSINE-5-MONOPHOSPHATE-5TMS   1  M/z230	156	-192	-353	-56	76	-404	-91	-88	9985	388	-157	-13	181	536	-82	92	-251	24	-569	258	-169	52	-109	-42	-46	447	-329	61	-37	-142	-690	-132	65	132	-66	-696	291	-58	-555	260	-166	144	-305	107	-6	167	141	-445	-252	-130	31	-68	-67	292	40	-67	-10	-209	-498	-75	-243	-185	42	-48	55	-241	-142	-10	68	-205	-351	-434	128	61	273	250	-50	515	-11	-71	11	64	178	40	25	95	-137	137	-63	171	-121	-42	-15	-86	-111	-119	142	-68	-17	6	32
"ALANINE-N,O-TMS   1  M/z192"	-2394	-4507	-2619	-2456	-6235	-6735	4298	-1319	-2345	-4523	-4187	-1489	411	-4790	-4258	-3165	-6424	-756	2868	-306	-3610	-547	-329	4151	-832	-7018	532	-4180	-9129	-3714	5677	592	-5429	-8668	-3400	-1560	2109	-3698	-1642	-4528	2396	11428	2414	4743	-4829	-4393	-1710	-254	-3750	5780	-8716	2735	-6457	-622	904	831	4088	-4927	-3631	-1894	-2108	-8020	5847	-9149	6148	3990	-5674	1099	674	836	-4096	-2160	-5391	-2848	-1548	-9790	2038	-5391	4108	-366	-3118	-2796	-2533	-8754	1470	-103	-2765	-3802	-6928	-3324	6941	-6866	1459	-1248	-4792	1646	2098	751	-5873	7848	-9286
ALPHA-TOCOPHEROL-TMS   1  M/z504	-790	-742	743	-1291	-1164	-814	-163	341	-3296	-1078	-443	-1334	-444	-1425	-1232	-873	-350	799	-726	-1688	-728	709	54	969	-905	-199	-465	584	602	1036	-880	-1446	516	289	-476	-248	-900	-207	-559	-671	120	583	-727	-466	44	757	-2205	100	369	-262	186	103	-438	-334	226	171	206	585	-1530	935	-526	-49	489	711	587	352	-297	886	620	-1715	-2143	-270	-312	592	-1152	619	-816	-379	348	264	-543	-879	801	-279	428	48	-790	-1193	434	-97	-1125	699	-794	-128	-1128	-180	-1252	-141	-108	-863	194
"ASPARAGINE,N,N,O-TMS   1  M/z231"	-1026	2258	-736	1220	-5236	-1848	-2248	-3718	3323	-799	-1503	-3057	-1076	-1310	-420	-215	-1813	60	-1269	374	-68	-767	3615	4069	3041	873	-497	-1383	-16460	-4095	317	291	-6828	-4681	-1822	-944	1515	-1551	658	703	5263	1273	3406	1047	-1088	-569	-1157	4836	1859	2496	530	2357	-846	2805	668	1383	-1857	-6422	-554	1531	6803	-1514	1225	-806	2970	-498	-2821	-671	-2162	5589	-1369	-335	-3828	-326	-1224	-3359	492	-3893	3288	2023	-1503	-3398	2973	16936	-2761	-178	-3744	-2091	-5692	477	2712	-10753	-862	5962	-4228	2214	-536	-961	-3247	6978	-4017
BENZOIC ACID-TMS   1	968	1315	-2952	-1709	-9364	491	-3369	4176	1197	813	578	-3667	-834	1589	1183	-1500	-282	118	-1777	-1131	-1434	-243	346	333	1054	11517	-84	1838	2088	-1500	-1880	5006	-1648	1382	944	732	1555	1612	-4	-165	-573	-496	949	699	123	577	946	636	109	-6	-614	222	-996	-1640	45	1499	-3211	-354	1452	-1701	-791	2993	1021	375	1968	1492	180	-1867	1022	433	2526	-3239	355	-306	2532	1895	593	-3133	-2796	2584	1740	2451	-987	3561	4178	363	1125	-3513	-1701	-3813	-2152	-1560	1340	-5620	872	179	349	-351	-544	-3050	-963
"BETA-ALANINE, N,N,O-TMS   1  M/z304"	-755	59	-270	119	75	540	309	-564	-24	395	-223	-200	-115	44	299	-35	116	-240	-655	436	-92	-82	40	-67	-36	52	-553	435	-25	-129	-111	-24	-182	464	52	83	307	283	108	366	56	-257	691	0	0	389	-210	-182	-408	267	-12	-139	-65	13	169	-51	-313	-465	304	307	104	226	-163	231	40	193	-623	155	-166	-148	585	-246	-151	435	1	11	-41	313	-132	-47	-110	-523	303	269	59	0	66	227	551	-64	-114	73	319	2100	-226	-56	471	-95	50	-1	-353
"BETA-ALANINE,N,O-TMS   1  M/z218"	-234	28	7	335	-122	-214	659	-117	25	0	-489	256	71	19	419	-115	143	-162	65	208	-278	-229	179	232	-257	-290	228	-103	-12	-1176	-48	88	289	-111	-375	-448	575	128	-191	-59	-231	-71	4907	-375	-93	251	-24	-51	188	-27	-296	-186	191	4080	255	-105	401	180	-61	-129	8	-141	-260	467	395	296	58	-54	0	-413	1673	425	259	13	127	-691	-228	125	134	79	224	345	37	2029	325	-163	201	1375	100	262	107	-297	-105	34947	49	-449	174	-26	17	358	-30
CELLOBIOSE-MEOX 8TMS_2   1  M/z361	1403	-2142	-2379	-538	379	925	-1458	-941	21629	-1626	-658	107	502	483	590	170	-6	-550	1233	-521	298	243	818	-93	241	766	-100	268	-2477	-3587	-185	-119	256	-2989	189	-1787	-1604	1839	1826	179	986	-589	-1643	111	754	-715	-93	-146	-1313	-510	-147	250	-1631	-205	1080	-157	37	-1574	-1808	40	1494	114	941	-1062	369	-196	-1251	-608	1074	-148	-875	1170	-225	-203	-1167	-491	-293	-204	-65	-27	-449	-213	289	-1218	-201	-662	1030	-264	-199	299	29	-265	414	-303	352	-573	121	552	-707	801	1211
CHOLESTEROL-TMS   1  M/z247	-5516	-3054	4706	15544	-21263	-3489	-10918	1767	5133	-545	1911	-19428	-12876	-8173	-9033	-19526	-1993	-16106	-115	-20190	-18869	4903	-2505	2269	565	-7606	-9221	-626	8592	5291	-11946	46	6990	-7753	6084	-6020	-17483	-3985	-9109	6517	437	-567	-10267	-8842	-7728	-196	-8848	-8240	3084	-12316	-9671	11625	-1564	2685	-17993	3314	11759	7211	-16811	8196	-5733	7850	-8381	7656	1814	6167	-2828	-854	-1425	-10371	-11084	12279	1425	-1026	-9298	1346	7905	-2424	-3804	56	2213	-4396	809	-9125	1842	-4685	-5363	-4225	-5157	-7575	-9703	4187	-5587	-7288	-5442	4479	-11972	-603	203	742	-7405
CITRIC ACID-4TMS   1  M/z465	-638	273	397	-504	-2277	-744	-2582	-5678	-52	-3197	205	1911	-3467	-582	-6973	-3234	440	-2239	-5499	-2231	-2111	339	897	-756	4326	-3850	1850	539	504	201	813	583	-952	-5762	749	-4223	-1402	-2869	356	647	-1841	1332	1147	1520	-3634	-1795	-2792	-3909	-315	-4262	660	265	-3037	-3086	-248	2302	-135	669	2457	3463	-321	-4145	652	-378	64	-1682	51	1114	-993	-73	-5339	-3421	-632	-3890	-2790	400	-225	946	-201	-2820	-639	-6232	-1264	-1713	-3617	1423	-2249	-1975	-4402	-118	-2634	-1469	-1238	-765	741	44	1772	-672	-1698	854	-5316
CITRULLINE-3TMS_1 (Ornthine)   1	14213	7931	-75051	14190	-67939	3089	69513	-22768	54037	-24601	3302	21640	-37478	-166	41405	9946	1397	13842	10465	15352	-45832	13479	55195	18108	13781	14304	-29858	-39502	-216609	-36675	19027	-6884	-64210	-94253	-27377	-9036	64499	-18688	13663	678	45590	2655	49220	9911	4264	25092	-16774	82648	39874	55649	-3901	12061	-2988	130891	16070	11887	-16615	-85939	-6769	14811	127905	17293	5474	-1692	43315	-2809	-30205	10999	5429	61860	36558	34534	20714	162	-167	-28539	31101	-6304	35100	53295	-25705	-3512	39860	395683	-6360	-10992	-46381	-136161	-9045	34355	15649	-104015	9924	350085	-44980	14656	9504	29897	-18816	-51904	-9734
CREATININE-3TMS   1  M/z329	-2201	-606	233	2838	3362	-207	-2484	-4162	1285	1147	-7149	2425	-3070	-4849	-8215	-1031	3654	-842	-911	-4928	-2919	-1439	1943	-2581	5929	5981	-4198	-399	-4038	-6704	3074	-8503	-1486	-1682	896	-2451	8910	4462	7755	2810	5055	-2870	3046	-2147	3155	1267	-5409	-1928	-2404	160	-313	-253	-1150	10438	909	1372	-2684	-4058	-2735	1565	-3854	2887	2352	-3590	7761	5490	10666	6371	538	3559	1416	174	1252	1938	-771	5018	838	2568	429	-858	6153	3558	1000	-4334	-1993	3014	-3282	-877	-1265	8007	-1398	5063	-1354	29377	-3444	2740	-884	-160	-668	2094	-1223
"CYSTEINE,N,O,S-TMS   1  M/z218"	1388	-7381	-13234	-500	-14282	-2501	5750	-14183	47269	-402	-3726	-4344	5601	-16319	-4264	-8266	-680	50	-4847	7065	-9334	-6328	11304	8603	2837	669	-13231	-8422	-10715	2728	14657	-6748	-4740	-11545	8430	-16295	4089	-1884	4238	-617	12205	-107	-207	-5174	-5759	7531	-15324	1426	4859	4338	-8003	3278	-3276	5027	-3998	11765	148	-2551	1906	464	-5649	-4479	7700	-10067	10787	5239	12501	-4857	1591	2979	1505	-1699	7936	-3957	-835	16820	3034	-2675	-1516	8428	6095	18895	373	2676	-4225	8961	-12685	-6880	-9888	-8723	-4073	2514	-6717	24060	-11819	2146	-3540	-3293	2605	-11611	1066
"CYSTINE,N,N,O,O-TMS   1  M/z297"	-968	-70	-432	-593	-3362	-572	296	-943	167	-698	372	-19	-1376	-730	256	-49	-1326	-352	240	-102	-728	-392	54	1490	512	632	-1303	667	-1346	-735	-934	88	559	-806	-814	227	-774	-46	112	832	375	315	843	-441	-876	-1179	-1019	465	561	-288	-542	370	-88	-500	393	467	-263	-631	-573	1470	291	-450	-129	66	213	-132	191	483	352	-226	-359	535	-312	-894	290	-931	-365	-541	-35	675	-308	281	360	1498	-309	35	-456	-1272	-403	476	332	522	-882	242	-1309	757	-152	-575	-274	-1933	-480
DODECANOIC  ACID-TMS   1  M/z257	-420	-353	32	-2786	-3194	-924	-448	-1730	-8361	-711	-1447	175	498	-1113	2243	-914	1290	-12	-420	-2590	38	-921	4950	2556	723	755	-776	34	4419	519	-634	623	-1463	-26	-564	-852	-116	-714	-1270	1862	2044	-381	-736	13068	7805	-724	-1464	-2505	2284	-1977	-546	-18	-304	2276	-253	-482	-696	6373	27	1392	958	1328	-2681	713	-741	6479	200	-1399	-1469	360	3647	-202	241	-187	-10037	1228	2312	-3274	-2816	-740	-68	1023	-439	-538	-971	678	-2924	720	-148	-953	-386	2260	267	2887	549	2433	598	329	-50	-7557	178
ERYTHRITOL-4TMS   1  M/z277	46	-567	-157	18	-822	-308	45	-128	-244	251	-209	-553	276	3	69	-181	35	-116	183	-27	45	173	379	-98	-65	33	-75	-124	-93	127	366	204	8	-82	794	203	256	204	-339	-22	-33	213	-98	357	-591	99	-182	133	-263	-861	-91	-457	428	439	109	59	-164	-17	-120	-409	-59	-350	359	438	74	192	146	303	198	-102	-225	659	-155	109	36	146	-2353	-597	-619	-94	61	111	45	55	-236	79	1	-66	8	-82	318	38	79	214	-195	-108	-386	187	-69	-174	492
FRUCTOSE-MEOX 5TMS_1   1  M/z366	793	285	665	70	587	-14	-1011	328	1288	280	-2526	33	-699	510	-4342	538	208	-5807	-2036	-159	547	-1893	-338	-4284	119	-929	1802	103	-908	255	949	72	-1068	-688	199	-178	167	-657	192	-343	-875	1170	-255	1365	-3725	-153	-602	4365	-1500	-95	374	-25	46	3366	572	-1283	5466	-116	2099	37	185	-1259	735	-1150	246	-277	-501	256	79	-195	-3918	-120	-610	-132	148	-223	-377	1380	-26	-122	-267	1934	147	-2303	36	3759	-1363	-574	-485	-3	2003	115	522	-214	-213	-135	237	-129	-313	-150	-6648
FUMARIC ACID-2TMS   1  M/z246	-49	-295	449	-286	-516	-127	436	-629	3815	-481	930	319	729	703	2304	134	-251	1131	-145	-158	-95	-126	59	1286	-824	-861	546	-537	-78	105	-53	247	-671	50	16	853	-387	-1185	-803	-1020	-741	323	321	916	-191	-472	311	492	1379	222	430	227	-215	-1494	-80	372	-197	401	-98	596	51	-463	37	456	-1070	-536	13	-714	-152	-156	-70	-1010	160	-785	-158	-1470	88	-433	-770	-474	-896	-255	-491	982	122	417	239	-542	111	-1334	544	-717	-871	483	437	-117	461	235	463	334	161
GALACTURONIC ACID-MEOX 5TMS_2   1  M/z334	-36	316	586	-378	-3	256	365	153	484	278	-522	692	203	-230	-777	-45	-504	-1057	-397	-839	-328	-566	-58	-436	186	868	-573	-163	-498	495	-198	-448	259	-1200	-98.9	160	-1	-314	-135	-48	-473	-373	452	482	253	-98	-334	51	1410	-438	-890	288	195	395	-652	187	-277	-91	-267	193	313	-150	-741	136	-233	-1	-288	473	269	189	-405	77	184	368	32	-57	-1389	96	40	289	434	286	5	-400	432	-177	40	285	-532	-247	-160	-73	34	353	-219	-283	-60	-454	-96	-350	-1072
GAMMA-TOCOPHEROL-TMS   1	1596	-3214	1253	-9067	3724	3851	1089	1195	-5996	-225	-1499	1192	249	2948	2932	-813	-893	692	-911	-4484	3022	-1004	-2221	1664	-302	-5808	-1556	-865	-835	-345	2622	-554	-106	-683	-333	-1507	630	-461	-1463	-697	-1494	318	1339	-308	791	-620	24	1760	556	2041	-1591	39	200	-570	3124	-4128	-918	-1828	678	-1284	706	-220	658	1529	790	-1373	-1409	-34	-754	-695	-1604	560	-571	-411	-1365	-98.9	443	-201	-647	2447	-113	-383	-140	-679	-84	-803	-3171	-1226	-648	3371	3977	1487	-1884	508	21	1478	-2831	-3466	854	20	-2095
GLUCURONIC ACID-MEOX 5TMS_2   1  M/z334	-29	316	586	-387	-11	256	359	146	496	284	-529	674	203	-233	-781	-61	-497	-1064	-395	-825	-326	-565	-56	-429	186	870	-571	-157	-510	498	-196	-442	266	-1205	-100	159	-3	-317	-130	-42	-470	-371	454	486	239	-98	-345	51	1411	-440	-892	288	189	398	-648	189	-281	-87	-265	186	312	-148	-739	132	-234	3	-288	476	269	185	-405	77	186	361	33	-57	-1383	95	35	286	435	292	9	-399	419	-164	38	285	-531	-246	-162	-70	25	356	-219	-283	-63	-462	-93	-349	-1066
"GLUTAMINE,N,N,O-TMS_1   1  M/z347"	850	225	-240	728	-3996	-549	1174	-8632	-768	-447	465	1737	-3345	-901	30	-7577	3070	1796	-1623	-347	10085	-397	-439	680	2335	-7298	-1528	277	-230	2702	238	719	-1363	-3404	-167	-335	-1469	1060	-609	2118	761	-652	798	-124	274	-635	-153	-275	1693	-1198	-491	1324	930	-647	397	2929	-285	-1458	-2089	-253	1149	-173	-51	-984	195	757	-4188	1266	5	-420	-1874	431	2308	-266	-1484	-1801	455	-1081	1236	-83	-877	-918	1231	-1391	-583	2228	1491	579	-2031	-606	-789	-318	-2093	531	-176	1241	1048	-497	-917	-94	-1173
GLYCERIC ACID-3TMS   1  M/z307	-726	172	6008	764	922	12	-646	-960	308	-427	-469	140	-126	275	247	-415	-329	461	266	-213	366	479	190	1678	453	-750	-70	392	-992	-152	-578	-191	201	157	-369	204	883	522	326	-12	-1561	279	-545	310	-518	-17	-511	101	609	-204	-174	-297	-229	-356	498	-31	3	845	-225	1553	428	535	515	467	-372	461	-525	1225	-452	265	-774	-1069	659	193	-810	-165	-631	556	393	1389	-224	268	-758	-379	-686	457	-157	496	-245	297	361	-63	-176	285	45	479	-266	-661	-260	81	126
"GLYCINE,N,N,O-TMS   1  M/z246"	-1735	-3370	-1537	-379	916	-2680	-1610	-3733	1644	-2163	-802	-6980	-655	-1147	-820	-2760	-3305	-1789	948	425	-515	-1392	-1010	2836	-413	-4426	-2221	-349	-4819	-673	-1927	-56	1217	-1899	-872	-262	275	-873	999	-1035	231	2674	-953	-2247	-1562	-563	-2931	-384	-983	2628	-3178	33	-2854	-7673	580	-24	-1739	-3551	-2776	-587	-548	-1887	3850	-2929	1708	286	-2495	-1202	355	2413	-637	1165	-2642	1188	-749	-3153	766	-557	-16	-1521	-2073	-2178	920	-3485	-1712	-1020	-79	-690	-3091	-275	4274	-2905	-2943	58	-3658	-191	-413	-1808	-1330	2684	-816
HEPTADECANOIC ACID-TMS   1  M/z132	-553	-333	-334	-3780	-1616	74	354	-88	-487	574	-353	1760	-228	-1383	2147	-574	1075	545	-494	-132	211	-807	2764	864	98	-664	879	482	2123	1786	-1626	-549	26	476	156	11	700	-284	-758	559	252	-269	-1070	123	1626	-1980	-1313	-527	1890	-1206	-457	202	-302	2232	-1321	-109	-1188	6412	-1127	1	721	2293	-1952	2369	-501	898	-77	529	326	-557	276	-1046	373	-618	-1416	1007	224	-898	-2971	-231	1511	146	-624	-669	-224	-493	1073	-172	-336	-712	-1489	1510	-1239	1470	293	834	125	-494	-301	653	-325
HEXADECANOIC ACID-TMS   1  M/z171	2217	1973	-324	-12129	-10001	415	-121	2385	-2221	2283	-1254	10052	2927	-11808	10846	-1939	6593	3559	-1403	-6980	-1912	-2337	5537	2859	1265	-3621	-2272	2664	5586	4763	-10521	-400	994	529	2196	-338	4956	-3809	-2873	5757	1218	-3587	-6173	2263	13094	-7281	-4309	-6712	11942	-5980	-2607	304	339	6384	-1371	1313	-6756	11505	-4757	1638	-1313	19653	-13391	13381	-1868	9851	831	1396	-2032	-6370	4838	-4914	-47	681	-7146	5409	636	-3489	-19139	-1891	3808	267	-4402	-1742	-2151	-2245	-2175	-442	-57	-3238	-4599	7509	-5133	9745	2493	6514	2874	-955	1293	-673	-670
HYPOXANTHINE-2TMS   1  M/z282	-104	533	-1998	-285	-2166	846	-1531	-1239	-248	-1850	-788	-1252	-666	-2719	3625	251	-33	369	249	-611	-370	-586	173	1258	718	280	129	1381	-513	-204	446	-52	-1309	-2380	-592	-415	3756	1010	78	-1103	-93	-273	-1188	795	217	90	-416	-125	-628	-799	-187	-433	192	-125	-542	117	-655	-527	-132	121	826	93	640	390	-285	-1752	608	-557	141	446	-833	1777	-1098	-583	-474	-488	-806	-435	-422	-36	-469	-101	1039	-309	-198	-145	883	-980	61	73	-950	-530	-370	-1118	206	-56	487	1556	-1012	3843	579
INOSINE-4TMS   1  M/z217	-1030	-2505	-9804	-3780	-3577	3052	-3857	-4599	-1794	-5255	1168	-4237	-2638	-9645	24625	419	-742	1175	2854	2077	-2556	-2441	-1916	8669	1220	2470	-486	7767	-396	-360	-1064	-1273	-1376	-3435	-657	-2336	84840	1458	497	-1860	-399	1294	-5187	835	915	-949	-757	947	-5005	-4855	453	-3117	2876	1034	-8371	778	-3371	-46	195	-1403	-305	972	-888	-309	-317	-10399	828	-8586	1626	449	42	4249	-15968	-2314	-1429	-2	-1451	2277	-8260	268	1737	994	5946	-1193	1963	-238	1862	-2869	460	682	-3586	842	-491	-10927	-908	-1070	2303	1279	-1753	121477	3539
"INOSITOL, scyllo-6TMS   1  M/z432"	-315	814	-1790	862	-3565	-1550	-1101	-1070	236	-407	-1105	-5953	2184	1599	6399	-1220	-16	-481	-1869	413	-1985	-34	202	2949	407	-1200	-724	479	-820	971	-1528	302	1715	-3154	-873	-219	-329	-2413	1549	-376	-1195	-495	-1913	-616	-1463	-1375	-170	926	2707	359	3630	2052	5257	2036	1546	1931	669	-18	-2425	1071	657	-501	2739	3207	-174	768	543	-393	-216	-795	-149	692	2206	-2717	-237	-1745	-200	-838	-759	1024	-607	190	-48	1727	3912	678	-2322	676	177	130	-2091	2063	-220	1117	-581	1013	-2683	172	1236	4647	-1012
ISOCITRIC ACID-4TMS   1  M/z466	-1394	876	-93	-611	-1051	-244	-1798	-3564	-645	-977	344	2133	-1520	-1223	-4569	-1397	76	-972	-3476	-1171	-1461	599	533	-112	2199	-1972	1051	203	208	225	395	-319	-497	-3297	430	-2720	-1130	-1408	-425	287	-905	693	-460	895	-1919	-884	-1858	-1873	194	-2810	539	-72	-1393	-1434	23	1710	587	119	1108	2152	147	-2417	698	-830	-39	-680	-57	561	-1076	95	-2997	-2056	86	-1923	-1831	-166	-411	1074	40	-1207	-331	-3820	-840	-954	-1777	720	-1357	-879	-2089	84	-1754	-826	-606	-485	588	359	1296	13	-571	386	-3095
ISOERYTHRITOL-4TMS   1  M/z277	45	-573	-157	20	-823	-308	46	-135	-247	256	-212	-553	276	3	69	-180	38	-115	181	-30	51	171	380	-98.9	-67	32	-73	-117	-87	126	367	204	10	-84	796	202	259	200	-338	-25	-33	214	-96	359	-589	97	-178	139	-263	-867	-92	-453	429	441	111	61	-165	-18	-118	-407	-58	-349	359	438	68	191	151	303	199	-107	-217	659	-156	110	36	143	-2356	-597	-620	-96	61	110	45	57	-242	81	1	-65	9	-83	318	42	79	218	-197	-108	-384	185	-70	-174	494
"ISOLEUCINE, N,O-TMS   1  M/z233"	-970	3705	-604	1739	-1454	1807	2004	-2625	1748	2034	-2358	-2055	449	-568	4937	-660	873	792	1007	-1913	-1939	-1093	1280	5009	3177	8842	-706	-9	-4318	-1652	345	-371	-2337	-3148	-792	1972	9076	23	-770	2768	1283	3182	6039	2575	1902	370	1472	9390	2052	-785	1229	624	-85	786	-1803	1196	-3098	-2010	2192	6745	-1112	1123	1826	2599	825	-158	-920	-1096	329	19034	5685	-1190	-1185	2790	-910	-3900	-962	-2307	866	2712	-305	886	1237	12857	-1475	-1339	326	1829	-4212	-1947	5343	-3057	-392	14559	1269	967	-259	-234	-293	7050	-157
LACTOSE-MEOX 8TMS_1   1  M/z204	-131	-167	-733	-127	1068	1003	-391	-30	476	-465	5185	-132	-1454	269	-206	509	-477	190	676	248	-132	-385	175	248	90	526	-108	253	1417	-278	-276	262	-162	-794	2263	144	-267	125	-1	380	118	-960	956	999	-245	-30	-59	-846	-63	-234	188	742	8	-365	-360	47	286	180	64	2640	1623	-584	-461	-786	-938	340	1543	145	36	-172	-75	98	-24	104	135	-107	-268	-518	862	543	714	177	988	2442	-285	-222	-264	238	-726	-160	285	-165	73	-228	-184	-517	178	-41	-334	-645	-100
LAMINARIBIOSE-MEOX  8TMS_2   1  M/z361	394	-771	135	-100	-285	233	263	-1178	4921	-458	-86	-242	-904	497	143	-663	-85	480	386	208	-89	-90	242	-288	-239	324	-63	-140	-516	-539	-115	50	-257	-356	-34	-317	-224	-412	779	165	204	-568	-202	306	-125	167	69	162	-570	-184	-401	495	-548	-251	181	-32	193	-384	-808	-125	41	765	-191	-407	350	319	65	-417	128	-78	-518	151	35	-283	-211	74	-307	-198	195	-304	76	-48	-127	-468	127	278	42	-273	232	312	134	246	443	-9	121	-201	-322	354	211	428	-62
LAMINARIBIOSE-MEOX 8TMS_1   1  M/z217	639	-901	-1925	-1570	872	671	-622	-1320	22323	-1660	-816	-419	397	299	-155	626	-187	-154	839	-842	413	-291	2096	-469	952	1014	-1586	418	-2962	-3217	-217	-208	343	-3097	1100	-545	-998	1379	2618	172	291	-1510	-1084	-21	603	-213	350	39	174	1333	-1263	1425	-1035	726	902	-436	71	-1626	-1721	544	1286	429	177	-740	190	-320	-900	-1016	394	-57	-1011	922	-428	-183	-450	-526	-1635	-287	-695	289	-117	279	-276	-1007	-544	-654	1379	322	-839	821	469	-259	493	-308	291	-799	330	161	-1438	-250	428
"LEUCINE, N,O-TMS   1  M/z158"	-9959	417868	-115619	155579	-247352	157794	187924	-174579	150077	80869	-198984	-14991	-41632	-178766	334019	37578	-11925	68219	171733	-137826	-131860	-4326	66012	266282	168284	377769	-43801	81030	-231422	-130991	-8086	110242	-91506	-322863	-25883	122712	601768	-3115	33775	177571	21148	69514	455414	255744	40264	-23474	39797	612418	145985	15101	47962	152	-19411	-69350	-128948	119720	-187712	-116025	105657	380851	-59927	221629	140614	-15868	98860	-85689	-22683	-76203	-854	1185298	291781	-50029	9125	132653	-46018	-154916	-48921	-186986	144966	182397	34669	1614	-76299	369134	21066	-50246	11905	128384	-275099	-40652	283255	-179042	-36365	566156	177499	58258	-32497	-40384	-79078	292399	-33537
"LYSINE,N,N,N,O-TMS_2   1"	-298602	187728	88684	633684	-283363	-94827	-299241	-322751	305466	-160747	-54704	-456113	-150972	-92708	385580	37850	32209	-8767	337756	-225064	77507	-13355	221560	898697	93939	69618	-37680	227692	-482574	-418316	-104073	7239	-27444	-182615	334435	27980	966338	59868	100948	141743	420512	-40379	600660	282373	-101306	38611	78396	675894	24753	283376	300025	-40159	-377673	-554903	342866	237705	253103	-338815	253162	342555	-285327	46556	-97948	164981	483971	41657	-43882	141463	-223869	1062095	152859	-20641	-97087	-143742	4991	-481851	288627	212323	461036	61461	-21119	-31740	185332	1089600	-46799	-102259	-342292	98223	-442074	-29737	253586	-616629	-5621	1086585	-390843	210226	32940	-189453	-189481	719821	104679
"LYSINE,N,N,O-TMS_1   1  M/z102"	-2218	1267	-1138	178	-4540	-330	968	-1702	468	623	368	62	-113	647	-270	401	-362	471	-215	-2463	-3224	1395	964	160	295	9900	-298	-5108	-23837	-435	79	2099	-925	-6722	-4997	276	3828	632	-89	-182	4386	-67	1797	153	4	301	341	1020	-328	604	-108	-283	346	23221	-906	-164	-177	-7244	-702	1550	1660	-413	58	655	1188	682	-47	-295	-250	609	-696	-261	-909	136	-62	-1051	594	-679	869	34	-172	-281	428	3396	-146	-324	-6635	-22280	-137	1241	14	-13869	100	31095	-1225	969	-67	3072	-349	-92	-648
"LYSINE,N,N,O-TMS_3   1"	-1912	1621	-1938	-194	-4624	338	-1102	555	4797	531	-782	-1493	-826	502	218	-2162	-1866	-1695	-525	553	-933	322	-4910	6272	5409	858	5521	2027	-4119	-935	168	563	3282	-4445	129	1847	6172	-297	674	-761	-360	393	3832	1429	1024	-239	-579	3264	2101	1259	441	2041	1640	-1257	541	160	-1352	-1901	-592	292	-2971	1265	-1061	4689	-996	3601	1159	1630	-2476	6771	-7	354	-5139	-1222	-712	-5168	-4461	-1828	-102	564	1275	-4848	3654	14641	-1837	1061	353	1830	-6907	-971	-708	-7079	2395	56005	-1537	-379	-182	-2974	4827	7925	-1144
LYXOSE-MEOX 4TMS_1   1  M/z104	-264	688	15303	-125	446	-52	-2371	236	-208	-43	114	-480	155	147	-370	239	746	-811	-234	-112	-153	130	83	-367	-20	-331	-139	-25	-93	-84	-1068	-232	-33	176	-84	2565	62	-1176	12	17	-2527	-129	-57	138	745	41	-100	-536	-1652	68	58	409	-141	42	-140	-2012	684	-355	65	39	1110	-1033	300	-1501	7	-28	4	69	-18	-27	-1882	196	-179	-284	11	863	141	-6	-95	-254	-863	-6480	56	343	-277	4471	-490	-229	-63	-12	-394	228	108	25	257	-449	11	-60	-97	-3640	-1402
MALIC ACID-3TMS   1  M/z245	303	-96	314	239	-38	-4	-1379	-1120	2964	-553	-836	985	314	16	365	50	898	164	-337	232	205	-126	76	-784	978	-405	1024	26	-1190	150	276	81	-1087	-1440	406	-879	-166	-144	-157	-77	193	-710	132	152	-234	106	-35	-427	-160	-295	-659	-11	-90	55	319	316	102	-211	93	508	916	582	100	4	367	604	-496	-218	422	332	-565	-466	-27	-18	-754	-240	565	-461	78	-37	187	-1302	-36	-299	-200	502	22	-276	-252	-252	497	-498	-292	547	808	697	98	-577	190	371	-593
MALTOSE-MEOX 8TMS_1   1  M/z361	963	-2168	-2256	305	713	513	-1304	-1627	22295	-1109	250	-184	583	423	620	855	-24	-765	745	-467	526	-343	1323	-162	159	662	17	492	-2448	-3632	-739	-341	61	-3003	105	-1439	-1517	1694	1531	239	534	-847	-1712	-201	-162	-282	154	-246	-1245	-181	-455	248	-1788	51	731	-446	258	-2001	-1577	316	1320	105	804	-546	159	-223	-1227	-1033	365	-137	-997	1039	-5	-661	-834	-622	-593	-31	-125	-5	-551	50	109	-1342	-415	-168	824	-134	-79	268	441	-355	129	-592	452	-449	131	244	-541	673	894
METHYL HISTIDINE-2TMS   1  M/z168	390	0	-244	1182	-4159	987	-618	-1794	730	-56	-1431	-622	-3575	-216	1100	-2527	-348	340	-204	-805	-1076	0	549	0	-480	-278	-69	-313	-338	-2357	2899	0	-121	-162	-109	0	813	1095	-4078	-668	-322	-112	9635	1	-127	1521	-56	-943	87	890	56	360	3206	4653	1548	-63	322	2415	114	-234	2554	1717	-494	2122	1153	-10	5798	-326	-1372	25	-952	-2527	643	-264	-401	-1488	-29	2341	1830	286	1380	679	-107	8717	-277	-513	-2189	-1255	-59	-591	303	-2973	6847	69198	91	459	2294	-963	-50	-1354	-653
"N-ACETYL GLUCOSAMINE-MEOX N,O,O,O,O-TMS_2   1  M/z159"	210	458	-95	1037	-1131	226	-1372	-981	618	24	-406	-1359	-386	1389	1911	-305	-391	139	-1219	754	100	72	439	1364	35	-78	-494	542	-456	70	-443	118	508	-833	722	-182	-297	-622	228	238	-453	266	-1073	-568	-615	-476	-1093	865	1121	-47	1519	1510	1463	1566	604	883	-273	-74	-731	-78	701	99	325	792	-614	461	1152	6	226	-437	120	-112	1020	-733	111	-721	-1309	-405	-66	1105	167	299	-32	703	1004	647	-376	65	-93	396	-383	1116	-41	395	-75	275	-744	381	-798	993	559
NAPROXEN-TMS   1  M/z303	420	7	94	298	-315	28	-331	25	-209	156	-127	-52	54	35	348	-92	-63	-275	-60	-73	-293	-9	234	195	160	-8	110	-32	-26	-7033	-5	-160	199	-186	-183	497	169	-184	291	65	58	27	-195	-121	15	-29	60	407	413	3	295	23	358	128	349	0	-217	-184	-172	7	46	218	335	282	348	21	12	-213	121	-39	-32	-98.9	334	-171	-37	-227	-161	222	-227	10	-31	83	-1	176	342	-33	-56	126	17	-85	221	194	-16	139	34	185	-4	-80	105	296	-13
NIGEROSE-MEOX  8TMS_2   1  M/z361	1057	-244	-638	-430	-315	264	-67	-1033	4997	-755	-514	-287	-249	677	391	24	-271	33	387	280	-428	-80	262	-187	-286	416	-192	104	-612	-597	-196	37	-24	-713	148	-355	-234	-356	841	-103	192	-175	-207	92	207	200	-137	193	-635	-222	-549	256	-690	-328	476	-362	214	-305	-572	-44	142	929	-536	-291	408	322	42	530	-273	-62	-173	-55	64	-159	-477	120	-194	-238	368	-259	121	-50	-191	-652	273	153	85	-315	310	360	-81	253	135	-6	136	-294	-464	379	312	323	-358
"OCTADECADIENOIC ACID, 9,12-(Z,Z)-TMS   1  M/z337"	547	1321	-75	-11338	-6276	2273	-1818	5545	-5409	4101	3940	7600	3214	-10146	8893	-2074	2659	1918	-853	-4556	-4586	-658	4236	2869	4216	-6212	73	3813	11926	3616	-4386	-2739	2231	-2625	2559	-3191	451	-9497	-2698	5298	883	-2126	-4977	-1573	14182	-8071	-6848	-1328	18939	-3454	1011	-2239	3082	3362	1755	533	-9289	12312	-7715	1566	316	16480	-20827	20575	-475	13053	-1182	5203	-424	-9969	754	-4872	303	1817	-9230	8360	-22	8278	-8582	-578	1583	-479	-2641	-832	-5299	-2493	-3325	-4305	-582	-954	-3560	12555	-7244	8712	-5192	6647	2506	586	4195	1703	539
OCTADECANOIC ACID-TMS   1  M/z313	345	341	-60	-1727	-1629	974	976	115	-841	1180	140	1878	-598	-1605	562	291	-16	580	-557	-377	-375	204	1227	784	-13	-316	-368	598	1145	1220	-2705	-222	-171	-722	171	-1332	420	-69	-529	493	-474	-870	-513	134	2714	-2176	-277	-1124	2608	-1954	15	118	285	2065	-243	-75	-1665	2684	-1612	609	-486	3038	-2011	4604	-225	1570	78	-970	184	-452	1941	-522	-456	-308	-1756	229	126	-115	-3608	-69	1757	-13	-1479	-223	-177	-512	213	-972	-443	-947	-583	1463	-789	903	290	969	459	-609	357	665	-583
"OCTADECENOIC ACID, 9-(E)-TMS   1  M/z339"	4410	15597	-1958	-54783	-38797	17802	-4295	16247	-2088	27168	9183	77694	10556	-54397	72520	-4991	25235	25246	103	-19529	-17755	-4687	30514	16440	14229	-32246	-5109	21155	30053	31809	-38623	-3781	-1679	2719	-3293	13345	22249	-36791	-14235	36606	3045	-23331	-32533	-4273	81649	-43062	-25628	-26370	83967	-21973	-16129	14173	9213	25444	4801	4691	-58686	58045	-30840	3099	3452	115664	-112392	89971	-7783	51696	13134	22464	-20277	-71915	18596	-18469	2918	-6714	-46143	25444	-3228	-5518	-84330	-20177	26338	6370	-17995	-7812	-18250	-2238	-17448	-7100	11251	-7874	-50985	47808	-37791	44425	10805	37227	30727	-503	6352	-5108	5448
"OCTADECENOIC ACID,-9-(Z)-TMS   1  M/z222"	1320	6307	-260	-15657	-10308	5572	-752	4568	-1168	7473	2328	22963	4127	-15807	21194	-1775	7450	6759	-900	-5265	-5424	-1545	9785	5618	4842	-10420	-1430	7003	9889	10142	-11190	-2456	-959	2281	-1503	3324	6012	-10629	-4167	9637	819	-6927	-9318	-1948	23283	-14518	-7836	-7132	25078	-6562	-5070	5471	2999	7909	1841	1488	-18942	18251	-8684	55	776	35106	-33790	28134	-2037	15223	4395	6385	-7604	-22231	5792	-5357	642	-1587	-15125	7715	-861	-1432	-25186	-6335	8675	1787	-6471	-2955	-5795	-1026	-5329	-2386	3588	-3034	-15527	15643	-12988	14766	3530	10567	9212	-76	1886	-2201	1707
"ORNITHINE,N,N,N,O-TMS_2   1  M/z420"	-464	1604	-1437	1315	-3715	164	-49	-2128	3508	-864	365	-1111	-1951	1732	3830	-1395	-1030	361	-197	-121	-788	295	801	1702	1329	-823	-2008	-259	-2388	-849	-70	-308	-2858	-3900	1036	-1629	4900	-722	1651	791	721	713	2427	33	-55	-246	-756	1386	1519	914	-1288	-575	-951	-4766	225	-224	-98.9	-1576	778	1008	-45	-380	1449	900	1247	-634	-1199	508	-1472	7354	-412	210	-1422	-1536	-665	-1817	-1718	-3493	1683	39	-789	-1237	933	4322	-1510	201	-165	1	-2244	-417	207	-1442	-615	2211	-855	-1247	704	-40	-1212	3827	-516
"ORNITHINE,N,N,O-TMS_1   1  M/z144"	-409	1693	-3869	69	-3884	227	2712	-1353	3075	-293	-393	654	-1190	764	1799	96	87	171	873	156	-1064	1326	341	1423	563	781	-1410	-2055	-10404	-1573	95	197	-381	-5073	-2435	-644	4683	-240	1025	-154	2630	57	1975	-302	-279	1485	-37	3541	1459	2502	-337	889	316	6664	71	635	-852	-4250	-847	265	3865	406	257	583	2555	171	-1807	528	298	3038	1863	1233	541	-98.9	94	-1317	1431	-189	1713	2376	-476	-854	1553	19897	186	-759	-1453	-6276	-262	926	1679	-6012	67	16700	-2683	2445	485	1357	-691	-555	-710
"PHENYLALANINE,N,O-TMS   1  M/z268"	-87	2946	-219	1020	205	519	690	6	363	497	1113	-498	343	327	460	604	1140	840	24	143	-597	378	224	844	352	1346	-189	16	-715	-141	155	381	-579	-749	193	281	1196	-359	412	729	-80	179	1135	279	68	120	785	2936	549	-309	686	721	-191	-153	-494	258	-137	-588	771	718	400	462	526	-382	-48	63	-312	-145	-533	575	423	-34	-9	547	65	-589	-74	2	813	9	-187	606	-193	1458	-470	-105	-371	78	-307	589	306	-498	137	1055	-393	319	-230	-208	136	1247	121
"PYROGLUTAMIC ACID,N,O-TMS   1  M/z159"	-581	1544	-2536	595	-2842	-52	-818	1051	4274	325	352	-1226	1024	119	3168	2154	-1297	-232	-17	722	-5466	1290	-535	1722	1756	1574	-44	172	-1143	-16	-1109	1352	-645	-371	-1206	1522	2996	-617	1414	807	-1228	1866	2419	187	579	-340	-1605	452	1535	1157	-24	1117	-2915	1620	1369	-362	-1332	-1727	-642	1487	-630	1822	2255	413	1590	-907	515	514	-229	4373	2392	549	306	1469	-286	-773	1694	-1111	-129	2306	-384	-921	358	2407	703	-2580	-156	-1751	-1404	-134	1946	-1806	-517	1676	480	120	342	1320	1185	3577	-181
SALICYLIC ACID-2TMS   1  M/z268	-96	-319	-439	-103	161889	55	445	-348	477	-429	294	-228	-195	-530	167	-255	94	-276	-95	321	-263	16	-93	39	4	-316	-134	-426	267	4431	913	-89	-110	8	820	276	-251	268	-371	-160	-593	-355	-631	186	-79	380	-220	253	-542	-275	150	-374	-43	749	-212	368	-164	340	-311	153	-530	-178	166	-41	29	-656	-193	356	17	-205	-62	745	168	23	400	-199	-12	-533	319	99	34	-393	145	-135	-186	459	-14	-78	-19	-395	-106	-348	-84	189	71	-85	-962	45	136	428	319
"SERINE,N,O,O-TMS   1  M/z307"	-1114	771	-683	-291	-848	81	-372	-1923	905	-416	-548	-618	354	-507	428	932	-172	95	8	858	-358	-166	-554	712	645	209	-550	-10	-1718	-881	200	-244	-666	-739	-1017	310	796	-772	1101	139	92	393	512	-542	19	-509	-791	2320	45	658	-395	-122	-1288	192	1130	495	-1783	-1552	-778	182	389	-73	1352	-716	761	161	-773	-636	-410	3252	-113	-497	-232	31	53	-618	90	-957	535	527	-259	-836	80	1850	-573	-581	-37	-772	-1005	422	1284	-1439	-715	233	-1497	6	211	17	-828	1690	-1060
SORBOSE-MEOX 5TMS_1   1  M/z364	-334	1246	1489	675	2374	138	-6309	-553	3869	683	-10462	199	365	875	-21835	3359	1873	-24733	-9951	-248	2393	-10159	-1293	-21384	-167	-6985	10850	55	-4564	596	6492	-423	-3932	-4971	1405	764	-397	-1121	-315	203	-4324	6230	1611	8397	-18974	-145	-1340	21609	-7194	-180	-484	1049	316	17476	-222	-7956	29000	593	13053	-371	1479	-4840	3167	-3861	1168	-3	-2667	573	-179	-1035	-18585	-119	-2343	131	267	91	-1381	5648	633	-885	-670	10131	1733	-13659	-581	21062	-7223	-2922	-4393	844	10532	380	4012	-501	-44	-471	-116	-1118	-833	-1259	-31417
SORBOSE-MEOX 5TMS_2   1	-6989	26090	46923	33508	77082	22246	-207453	-31159	111779	3143	-266541	7231	10660	47660	-633410	106404	86185	-714667	-274343	-3171	81940	-267899	-46622	-576178	2022	-142757	302321	2760	-101135	26980	202065	-11883	-94445	-179468	50559	25577	-7397	-34231	-222	11814	-107261	182964	76666	270663	-522496	-18998	-47435	621513	-188374	539	-6428	59466	9481	517899	-10747	-224025	834762	13613	395544	368	26238	-179460	120042	-124896	41341	11531	-67550	15373	-16361	-30315	-567947	6457	-62037	-4775	8941	8188	-37716	193248	42999	-30261	-25824	264029	42842	-361745	-18200	556894	-183293	-71854	-122022	28818	336019	11981	102064	-10273	7775	-23219	706	-43347	-25687	-30112	-908537
SUCROSE-8TMS   1  M/z362	-946	-5401	-1154	175	1454	1018	-2065	-112	-1196	108	-899	495	266	1216	-28	1329	1031	-687	377	1052	-612	110	-72	-393	706	-354	-826	5	-23	-1894	342	-84	-285	-922	-339	953	-1018	721	284	-1728	-292	-1317	1513	-2131	-1477	-215	-123	1087	1328	-278	91	372	17	1509	-370	-93	1659	422	517	899	298	-1411	363	-152	-153	-501	-1235	-699	102	-197	44	3	139	423	-2522	-482	1263	2478	342	1245	297	1084	779	-1429	-443	148	-483	554	-1062	-6	-889	-773	2566	-627	421	-55	-142	-248	-429	-198	-1415
TAURINE-3TMS   1  M/z328	-213	131	330	-520	-227	-131	158	85	174	-15	0	-162	-56	219	445	-15	-346	0	-119	-35	-114	-485	527	1786	24	-1278	13092	855	-3666	2278	576	-247	-2097	-305	-158	62	754	-125	323	246	3866	-162	-708	-445	0	71	0	0	-45	0	122	0	797	0	820	-750	-127	-1671	-267	527	1140	428	664	379	-143	-31	538	-73	39	-210	-1469	437	-1142	-398	-558	-725	-27	-1387	351	959	327	-304	1316	-720	-348	773	-127	-544	-1363	233	-331	-1691	293	-920	-1157	-288	-1363	1949	82	1426	428
"THREONINE,N,O,O-TMS   1  M/z293"	-4902	-308	-5901	-462	-5087	-9301	-2825	-5423	-1651	-3332	-6486	-8569	-3637	-4041	842	-3928	-4142	-2793	-1586	-1948	-4496	-2655	-1767	3870	1477	-4300	-2839	-3665	-9813	-5232	-185	-1295	-4451	-4801	-5755	-4440	2456	-5773	-776	-129	701	6018	2351	-3094	-2413	-3305	-3599	6224	-5287	8625	-2757	2753	-2400	-1913	4150	3099	-5378	-8923	-4090	-980	-1271	-2428	3533	-5284	4712	481	-1988	-5001	-2454	15931	-2982	-10121	-5648	-1313	-1639	-7098	-344	-7503	-670	-1723	-2915	-849	1526	10357	-7557	-3059	-1963	-5577	-9465	-3302	5471	-8134	-2066	-9634	-6046	-563	353	-382	-4713	5005	-9756
"TRYPTOPHAN,N,N,O-TMS   1  M/z303"	-774	902	-839	183	-724	-681	336	-420	-1907	-51	71	-1498	-21	-948	-304	-1875	-912	361	815	-589	-971	-69	-528	-75	-716	362	-904	-601	-1672	232	-469	-741	56	-1843	-741	-909	1172	863	421	20	702	142	16	-619	-1742	-320	-1416	1184	1	82	490	655	196	-1306	-1188	362	-678	-948	-1853	1168	-140	743	-110	47	134	-727	-250	-1142	-827	245	-87	-614	-1249	63	-218	-641	-136	-607	357	-411	-941	-269	-223	1114	-813	-287	-1141	-330	-725	-162	113	-728	-87	181	-621	-441	-1625	-699	-529	453	-600
"TYROSINE,N,O,O-TMS   1  M/z382"	436	3181	-1100	862	-1532	1369	-973	-709	1713	147	-2108	-2510	-774	-785	3460	357	-852	1251	1333	123	-1268	-211	445	1964	-124	1881	-1250	-889	-2610	-3690	1333	-1105	-1646	-3370	-442	809	3672	554	1448	476	1050	2406	2703	163	-403	-1042	-261	3244	-26	770	-1117	1107	-1569	-2011	-2598	501	-584	-1523	-118	2003	-505	-267	590	365	957	-1177	121	580	-195	9178	1644	-953	-1019	-111	-8	-1347	-1040	-5722	1447	-1229	-836	205	203	4166	-246	-411	-663	-548	-1991	-772	4241	-4153	1878	3082	-1675	634	-272	483	-1066	2385	-288
"URIC ACID-N,O,O,O-TMS   1  M/z72"	-2827	27335	667	2399	-28313	-165	-11688	-26280	3000	1975	6374	-24233	1096	2948	19572	-25431	-32117	8115	41293	-28483	7476	-1614	-9705	-8077	-5535	-4849	-15959	3377	-26780	10994	-14754	3862	5241	-11864	28953	3920	673	-13857	-10377	8024	-4853	53179	18650	11148	-10870	1952	-10388	-9537	-2783	-9897	13082	21756	22261	30564	-8323	3029	20845	12175	-13904	6749	-8381	6627	27060	35818	-5317	20597	9209	19416	-12906	-22623	5710	-2671	12669	-3839	16859	2456	16901	20892	-9101	16595	-571	6432	2904	1946	-21428	19435	-20426	-22169	-8828	-3657	-423	10701	-10327	14662	12567	-1082	1661	-18781	-994	-13156	-10819
"VALINE,N,O-TMS   1  M/z246"	-2233	6460	-4552	3050	-9625	-92	-5138	-3830	69	-2092	-3847	-2471	-2459	766	5929	-125	-1366	670	-405	-3952	-5695	143	3399	7057	-1276	8479	-1886	2797	-5262	-3271	1362	-993	-1663	-3861	1450	1858	12892	328	-1424	2890	2820	67	7921	1884	-1000	-26	1358	9366	-1008	1769	4552	664	922	-1685	-4701	565	-1347	-1012	4392	8545	-1304	-167	4202	6554	1700	-1879	632	-2204	-633	36288	2220	-5656	-1479	5546	550	-5649	-2802	-6508	2824	899	746	1784	1910	10808	-1909	-3178	-1473	1317	-6248	-4449	6360	-4806	1667	13673	-3324	-2184	-142	-1671	-1001	8215	-3403
 Tryptophan_Ri2161Mz202	-2525	298	-1037	-1718	-1747	-2234	-2602	-2561	-2909	-1156	-906	-4834	-1044	35	-379	-1890	-1826	-994	-710	-1989	-1207	-1236	970	-1107	-1151	-505	-1356	-254	16	3031	-693	-2076	-298	-1294	-633	-1579	-469	262	182	1138	1030	1498	-342	-200	-1584	-429	-2281	-316	-1938	546	-150	696	612	263	-430	-229	609	206	-675	-334	-670	-425	1501	-141	-641	359	-634	579	-781	-1569	-885	-631	-427	-473	-846	-834	277	-1632	-409	-368	-1291	-816	301	491	-2	500	549	-570	-1328	-1370	50	-3059	885	1121	2255	-1055	-1036	-691	-1266	-1749	-655
Benzenebutanoic_acid_Ri2182Mz192	-1588	902	1407	707	247	-431	937	228	862	-1064	405	-445	1212	-314	1933	1633	627	2021	349	1775	487	503	1186	133	357	3560	470	190	1092	2811	-408	200	-448	617	2139	2183	903	650	-737	1726	707	-141	1190	2317	248	1048	45	1273	-93	21	1480	99	1200	83	1064	469	664	831	1458	391	2049	743	296	186	650	-304	601	1008	484	739	1592	488	910	1430	1054	311	894	-168	1360	-6	1066	1173	994	1256	-1391	333	1613	-533	-622	1012	812	106	848	-169	563	270	-562	141	-12	-44	-547
Myo_Inositol_phosphate_Ri2399Mz299	-312	-513	-1608	-1335	-132	-952	-1002	3	-649	-885	214	-1162	-325	567	85	-847	495	-963	-304	-1926	-1004	-816	528	-424	-107	-244	-1480	-332	729	-804	-929	-925	212	-729	-219	-821	-281	-1081	125	-685	544	222	72	-778	70	-220	-715	120	316	-635	-1476	164	-1019	-349	-990	-134	1118	607	-79	1015	-584	-400	147	229	548	23	-429	-109	-108	-257	-613	-371	-81	-647	-996	164	-267	-263	-371	-306	-410	-164	-2	-686	-519	-237	434	-873	-1025	-1303	-948	770	-227	-658	-665	-1803	-313	-288	80	245	-102
Kynuerine_Mz192  Time: 373.01 to 374.92 Mass: 192 to 192	-645	600	688	841	57	-360	223	-1	734	-112	873	59	462	300	445	1029	2	997	256	1227	966	-76	537	511	117	1350	37	80	341	1187	-493	283	-546	651	582	753	738	158	-121	935	2	16	199	1116	150	647	160	726	-23	6	767	-172	739	85	578	112	597	316	818	334	744	598	199	141	-9	-83	373	257	505	169	659	459	-20	416	347	200	447	-118	398	333	747	1022	573	789	-220	179	428	-103	-117	397	138	69	560	166	371	298	-473	207	66	37	370
