	NAT8B	LOC100128398	KRT18	CYBASC3	SENP5	CLEC11A	C10orf35	BCKDHA	LOC100507582	GIT1	MYO5A	TRPM2	OR3A3	SIK1	POP7	PRSS23	ILDR2	HEATR3	BTAF1	LEMD2	PIGM	BTD	MAN2C1	SGIP1	Class
G101	0.604827685	0.021638307	0.164843692	0.63796917	-0.542281913	0.289075825	0.912413135	1.06947327	-1.648644672	-0.269849506	-0.662846506	-0.496081857	1.012653508	-0.014335386	1.127184704	2.033977332	0.126988464	-0.030198985	-0.361476498	0.564627689	1.353935555	-0.517155529	0.569614544	1.475136926	NO
G102	1.141429489	-0.811793337	-0.659336382	-0.520826409	-0.113723748	-0.439135835	0.851078329	0.175257293	0.242849786	0.020197035	-0.17431117	-0.853512936	0.440431141	-0.701037836	-0.287843744	0.747398146	-0.439135835	-0.142376664	-0.102386565	-0.227807117	0.015188534	0.165351828	0.410901215	-0.271546037	NO
G103	0.569362599	-0.350782018	-0.236310536	0.123410732	0.078206968	-0.88578911	1.019912395	0.510172416	1.287676871	0.995116365	0.027890625	0.320589014	-0.374116073	0.502507454	0.156893181	-0.762603932	-0.483532237	-0.545661451	-0.147846931	0.407216316	0.298392432	0.117052539	0.240846441	1.296048317	NO
G104	-0.743972748	0.834635499	0.566764461	-0.617225692	0.427114894	1.057523043	-1.776134059	-0.200892828	0.06958193	-0.827159236	0.296348688	-0.620123493	0.466908809	-1.192961531	-0.498392534	-1.505199781	-2.218274117	0.416345053	0.315895404	-0.165835493	-0.193411595	-0.026631785	-0.280078742	-2.058152655	AE
G105	0.494841115	-0.996172499	-0.174069848	0.811961814	0.07482218	-0.423837173	1.324436262	0.282002128	1.990098238	0.374995514	-0.384968085	0.28354115	-0.300927276	0.626051051	0.536018596	0.105112684	0.09283299	-0.388590505	-0.367425633	0.27734812	0.818316265	-0.150318	-0.000510789	-0.939213807	NO
G108	1.656430388	0.542557003	-0.184421883	0.039736635	-0.053004845	-0.726954072	0.641655461	-0.111243504	-0.782651176	0.430507009	-0.014639244	0.320215492	1.065686175	0.987182481	0.109610065	-0.246259613	0.0	-0.45317426	-0.482252999	0.188042991	0.003782742	-0.601856548	-0.426196591	0.063565718	NO
G109	0.853537645	-0.075286445	-0.397611825	-0.767655656	0.314582529	0.397549892	0.094514936	-0.230050109	-0.227190635	0.347165621	-0.028358114	0.587432431	-0.227190635	1.080952879	-0.287876815	-0.316882802	0.626200479	0.449077447	0.118985461	-0.304326844	-0.313644816	-0.177087717	0.309370408	1.207571436	NO
G110	0.949674366	0.048235601	0.571722857	0.041239428	-0.04524678	-0.891061086	0.280594022	-0.243217206	1.651163935	0.293235685	-0.162152087	0.05168806	1.346357157	0.193877944	0.126301286	-0.362205805	0.087342838	-0.255759874	-0.03353964	0.132058738	-0.159025002	-0.293722585	-0.002741496	-0.012158006	NO
G111	-0.634475528	-0.860990289	-1.25831339	0.326740076	0.011467384	-1.024973306	0.861625378	-0.252007884	-0.267747484	-0.502966417	-0.309857304	-0.308319595	0.427890074	0.279289474	0.694402664	0.367652938	0.000156629	0.177800386	0.153837483	0.163749619	0.261533127	0.126531287	-0.164221089	0.427890074	NO
G112	-0.37297772	1.265653354	-0.764354833	-1.026434252	0.304067041	1.088797513	-0.191474276	-0.822168489	-1.264616878	-0.914346314	-0.246702265	-0.054074387	-1.011594244	-0.525926902	-0.419474143	-1.372224452	-0.758028703	0.779286025	0.644266973	-0.393369572	-0.88831959	0.027157607	-0.859875468	-0.651229581	AE
G114	0.993259779	-1.112142305	-1.083037991	-0.344635477	0.202444829	-1.378302777	0.854730284	-0.028873254	0.92222193	-0.119174184	0.280667724	-0.637214054	-0.715473249	-0.431886416	-0.044617492	0.767828676	-0.616553321	-0.066871531	0.407403997	0.106819848	0.026207462	-0.080756088	0.369084301	-0.05113579	NO
G117	1.436027661	0.187423269	-0.157019163	-0.344036191	-0.135424557	-0.698384354	0.119216878	0.141852466	-0.263207809	-0.784504154	-0.571190029	-0.261046977	-0.672093103	-0.160196442	0.152615722	1.21166317	-0.096349099	0.154168053	0.091187081	-0.032296917	0.04914557	0.242930514	-0.195525499	0.231013236	NO
G119	-0.727074564	-0.488699103	-0.970034932	-0.776702162	0.870306261	-1.098326048	0.343663014	-0.214336513	0.22088919	0.238246341	-0.04518361	0.51910781	-0.498468244	0.896361636	-0.668626983	-0.152244933	-0.409450378	0.321509505	0.640687093	0.153814585	-0.201812552	-0.175503361	0.271825061	-1.663500268	NO
G120	-0.072977763	-0.672543674	0.133254443	-0.280471637	0.158999549	-0.712957784	-2.285193419	-0.802140351	0.080819632	-0.358915552	-0.157172163	-0.865069587	0.0	-1.374142933	-0.958605724	-0.852241488	0.934006001	0.139032309	-0.411468983	-0.363608884	-1.029621645	0.227990514	-0.225819459	-0.015067518	NO
G126	0.619639349	-0.729477603	-1.504732823	0.081573933	0.161761946	0.951825396	-0.806288728	0.005072049	-0.66729284	-0.602926626	-0.618661141	-1.134100644	1.30212848	-0.087652123	0.097763883	0.034578192	-0.465065233	-0.405178719	-0.466053773	0.134817982	0.192418351	-0.177588049	0.283595251	0.568520334	NO
G128	0.657233592	-0.081033857	1.043157508	-0.507160186	0.134184216	-1.692600213	0.418756121	-0.523797001	-0.280910035	-0.374826793	-0.453535036	-0.11379385	1.720655466	0.731956046	0.096988518	0.246582127	0.427779103	-0.198451502	-0.379013569	-0.076012637	-0.289724274	0.05810288	-0.287565336	1.774188386	NO
G130	0.294418196	0.555790346	-0.017567849	-0.659363869	0.200798768	1.317612834	-0.915449949	-0.59950394	-0.81626884	-0.879009807	0.344869689	1.018958773	-0.115017383	-0.456121455	-0.753610852	-2.439714047	-0.727915674	0.563244486	0.35147438	-0.469262968	-0.546228771	0.127437901	-0.224235325	-0.482330241	AE
G302	0.891809007	-0.766778638	-0.016017519	-0.001166429	0.068857899	2.389674642	1.167583247	0.00501443	-0.26226776	0.092461521	0.206643243	-0.416467152	0.886025908	0.831025044	0.417208354	0.557125296	0.216639716	-0.558157489	0.046589369	0.059211779	0.470335716	-0.468257709	-0.109201706	0.554935691	NO
G303	-0.364744469	1.989715631	0.63795537	-0.842145606	0.695999392	0.49866351	-0.104811655	-1.214888587	-1.103593366	-0.188731878	-0.124440279	1.365515912	0.195449673	0.133560757	-0.644188306	-0.931931097	-0.76382226	0.631388482	0.385480888	-0.660373512	-0.829779115	0.329991208	-0.465754165	-0.896781699	AE
G304	0.379955069	1.93189356	-0.771697136	-0.015739184	0.036075593	0.006766462	0.379237072	0.365165309	-0.607507937	1.092067745	-0.052007323	0.682354963	0.0	0.804402186	0.457036304	-0.093823787	0.446846968	-0.232146136	-0.402946001	0.296542855	0.795125958	-0.407215593	0.433736555	0.427774652	NO
G305	0.585909379	-0.937037466	-0.419389655	0.227534775	-0.584976477	-0.057966643	0.299831767	0.063661465	0.138289886	0.720329378	0.095206287	-0.037465401	0.077782864	0.623421151	-0.176873548	0.710077372	0.049784433	-0.388997959	0.007601375	0.005599781	0.01445387	-0.335127377	0.33717347	0.739543945	NO
G306	-0.226030326	1.04681519	0.913563269	-0.569857515	0.26436341	-0.062370094	-0.887309117	-0.228473179	-0.323586642	0.718537293	-0.844474998	-0.812930088	-1.196957895	-0.152852692	-0.305119014	1.957350458	1.862959004	0.294040581	0.042122226	-0.244410412	-0.769781779	0.416997689	-1.125666567	1.146979977	AE
G311	1.77447187	0.156781881	-0.210929881	-0.084293367	-0.217850697	0.082244222	-0.029094132	-0.123470531	0.082244222	0.458848053	0.051318238	0.63312054	0.0	1.947508237	0.303145002	-0.738430534	0.0	-0.489957738	-0.415468108	0.31934799	-0.244085525	-0.390811656	0.600910293	1.21775326	NO
G313	-0.148066074	-0.160732033	0.092658221	-0.881731223	0.446221139	-0.639153227	-0.977180533	-1.197072655	0.370609669	0.670864468	-0.052068173	0.137810921	2.178873897	-0.207538761	-0.497388157	-2.165117843	0.351590505	0.368000856	0.17254713	-0.338981559	-0.51279979	0.231183964	-0.557184426	-0.904916011	NO
G314	3.523066333	-0.146095208	-0.673303636	-0.360409145	-0.377432196	-1.315797591	-0.866342682	-0.456414165	-0.609507784	0.157661114	-0.333177388	0.353003439	-0.634183083	0.654573115	-1.045133341	-2.097438035	-0.616673394	0.61083554	-0.19827059	0.26529396	-0.333289777	-0.760806878	-0.414485218	-0.484228782	NO
G315	-0.67768331	-0.719951666	0.896679087	-0.338105558	0.656117577	0.268628381	0.207744386	-0.126510951	-0.623599591	-0.004325973	-0.138352511	1.003149821	-2.663361539	-0.516900711	0.042369497	0.016318856	-0.143868348	1.290619784	0.097254339	0.101568312	0.021915176	0.178054497	0.327999874	-1.566159269	AE
G317	3.540586438	-0.041051186	-0.02371064	0.586268337	-0.486517176	-0.220303431	1.920249398	0.347239115	0.947325734	0.048593943	-0.437355184	-0.266370826	0.543437623	-0.506786172	0.263769101	-0.739801455	0.067507573	0.579490834	-0.226670095	0.044543392	-0.202760425	-0.146436299	-0.181447523	-0.159492984	NO
G322	1.901201776	0.615371656	0.32365462	0.534902516	-0.277316236	-0.228995536	1.237579158	0.571857455	0.73998268	-0.276950791	-0.310185564	0.338909303	2.63934498	0.37643359	0.322614479	-0.609506087	-1.30749809	-0.378191227	-0.029417435	0.158874322	0.749118514	-0.318965523	0.516149651	-0.499732212	NO
G324	-0.421138044	0.620513575	0.620513575	-0.740677125	0.084857815	2.298283394	-1.010986733	-1.290929348	-1.097797139	-0.164305678	0.549916118	0.488756747	-1.273979116	-0.445271734	-1.416237955	-1.566891157	-0.773269034	0.136344204	-0.284471854	-0.140473145	-0.602107947	-0.191985585	-0.303405146	-0.558815001	AE
G332	0.007562522	0.695907176	1.110815407	-0.999579439	0.491232184	-0.144167872	-0.0188737	-1.501593395	-1.032247667	-0.905470528	0.216137978	1.330311646	-1.238857617	-0.561512524	-0.593673295	-2.030061213	-2.164794999	0.782567516	0.619935052	-0.621151626	-1.095778533	0.367786797	-1.019214768	-1.830128394	AE
G336	-0.559092988	-0.200222035	0.850702096	-0.509415828	0.091449904	0.683945485	-0.725212913	-0.17747572	-1.350030587	0.399198205	0.522638919	1.005882002	-0.286665713	-0.033862397	-0.05899652	0.119591212	-0.446430807	0.284588567	0.265791222	0.035563807	0.042248523	0.100227833	0.031062338	-1.457231117	AE
G347	-0.563501482	0.462399298	-0.865837494	-0.172212482	0.315901057	2.142297613	0.019708524	-0.039673712	-0.104444938	0.18436742	-0.344560029	0.081978868	1.178310443	-0.490792446	-0.698830065	0.391814049	-0.922581412	0.515889851	-0.102200363	-0.087236212	0.116134094	-0.359133158	-0.649137675	-0.963499876	NO
G358	0.314608153	1.055348684	0.72961583	-0.846843347	0.542712075	0.603541889	-0.11601945	-0.89498996	-0.421486679	-0.864547297	0.546822642	0.374645444	-0.053546961	-0.85490452	-0.897388276	-1.269276345	-2.630423445	-0.354393479	0.345253377	0.152911538	-0.423296979	0.114515209	-0.363471368	0.033106692	AE
