	TOR3A	GAS6	EMR4P	PLCL1	CDKN1A	CD300C	ZNF714	NSD1	NAPRT1	PDS5B	DYNC2H1	ARMC2	STAB1	KLHDC8B	RBPJ	RPL23AP64	XKRX	KCNQ5	PPARGC1B	CEP85L	IFITM3	GOLGA2P5	ZNF585A	IFITM1	GTF3C3	SCO2	TCN2	PSMB5	RNF19A	DNASE2	ZNF597	P2RY2	BCRP3	LAMTOR2	METRNL	MAP3K6	BTLA	PAQR4	ANKS6	DNASE1L1	ACP2	RIC3	C9orf89	PCBD1	Class
G101	0.031105994	0.776593176	0.05993484	-0.818381163	0.770073916	0.552937946	-0.466071169	-0.291289789	0.429813542	-0.045925556	-0.166424943	0.777805542	0.755948258	-0.10240642	0.479214534	-0.344437167	-0.987806426	-0.229469543	0.183916928	-0.744661208	3.064283991	-1.49488608	-0.184447668	3.095467497	-0.076373737	1.96293982	1.709839099	0.298216514	-0.777314026	-0.352830067	0.997881084	-0.13426708	-0.466222425	0.048187516	0.076090575	0.781055454	0.309584098	0.140461786	-0.825257161	0.0071194	0.586932429	-0.255962951	-0.206783382	0.184746787	w
G102	-0.174803767	1.69430054	-0.71210691	-0.063897534	1.137709944	1.622212915	-0.231088074	0.351965355	0.098305539	0.295226105	0.250634514	-0.212555271	1.824097924	1.003567396	0.363153261	-0.470321693	-0.908459672	-2.417578148	1.165656672	-1.029697438	3.680268814	-1.372844063	-0.50181476	3.389786199	0.127239362	2.488809356	3.536476544	-0.025549644	-1.162843047	-0.459664065	0.314990126	-0.194134658	-0.427895354	-0.278048645	1.032771947	0.35939191	-0.398438798	-0.084537988	-0.723979661	0.138857589	1.382828958	-0.747890449	-0.272881255	-0.067530044	w
G103	0.658445854	1.373656345	-0.172617183	-0.51151844	1.02739369	1.008411486	0.145405779	-0.432492727	0.46835049	0.032094669	-1.686590066	-0.206017603	0.970933268	0.52636353	0.372574866	-1.092416656	-0.123328457	-1.182570363	-0.735961442	-0.591422736	3.704657289	-1.484540486	-0.031594786	3.630742793	0.366218508	3.239324017	3.089173075	0.388598625	-0.244899629	0.215584319	-1.112844757	0.135438541	-0.547136211	0.388148172	-0.254057302	0.924655805	-0.502244815	-0.497386766	-0.69246061	-0.188426337	0.406545958	-0.451279762	0.055982895	0.966935188	w
G104	1.261117791	3.648389771	-1.423538869	-1.186237133	2.139735769	1.869483601	-1.306442552	-1.103503528	0.598098866	-0.318761452	-2.444271561	-0.937728645	2.304606125	1.586953371	-0.055240376	-0.937564243	-0.687649102	-2.105256172	0.7133461	-1.074601347	4.092717172	-2.410820179	0.453608991	4.164669907	-0.24756786	3.630132532	3.37500716	0.491756591	0.510509367	0.363103433	1.179815402	1.121587015	-0.836500334	1.227998437	0.020731137	2.37338792	-1.23818388	0.813216632	-1.502560901	0.382410673	1.230083472	-1.712988026	0.782711898	1.148538151	P
G105	0.345036081	0.168012613	-0.373473277	0.355085394	0.999825821	0.393283082	-0.647979652	-0.553041419	0.083965689	-0.711502376	-0.955547805	0.309447669	0.949832206	-1.184506576	0.121590805	0.033962334	-2.114707699	-0.971817974	-0.694088101	-0.157465597	2.500206275	0.556765664	-0.409956848	2.555114692	-0.423172218	1.960079024	0.658256678	-0.598776729	-0.993696146	-0.331968806	-0.825822722	0.451824811	-0.202316598	0.678980724	-0.433245267	0.584953118	-0.933730416	-0.079924297	-0.839227303	0.252048161	0.285961485	-0.488828384	-0.066667096	-0.637015423	w
G108	0.930084058	0.794686244	-0.487639039	-1.091731479	0.478910521	0.830144686	-0.235411629	-1.232843071	0.421490465	-0.494783738	-1.253342798	-0.836325978	1.202551398	0.724496862	0.088670954	-1.128793819	-0.790711665	-0.892469391	0.833039092	-0.929392655	3.111048845	-1.170118774	0.103058262	3.174446177	-0.556728966	2.23870696	2.613683307	1.156458354	-0.046237416	0.117824848	0.798355901	1.569135158	-0.546388416	0.736215621	0.39233188	0.591287221	-0.731720601	0.39951482	-1.05012293	0.099142315	0.42810662	-0.600123292	0.438371709	-0.225049218	P
G110	1.144871956	2.173318497	-1.449704384	-1.827527706	2.368406995	1.115064484	-0.916631075	-0.365151275	0.701814088	-0.364796583	-2.066919973	-1.162901991	1.644753964	2.196734559	0.003098537	-0.711186548	-1.480699751	-2.450152975	0.956759056	-1.57819482	4.965171697	-3.016981524	0.427222392	4.978779747	-0.47608907	4.011348945	3.981560073	1.1452285	0.034206585	0.768125473	-0.293221924	1.30433273	-1.093988428	1.005480861	0.656579344	2.408354546	-2.141013077	0.871640149	-2.407818882	0.918153347	1.630300689	-1.273822031	0.465163022	0.706072618	P
G111	1.135635067	1.821689303	-1.359755863	-1.225758479	1.510433062	1.403972168	-0.652018134	-0.785795748	0.648604995	-0.423864518	-2.019909589	-1.735524495	1.752433123	0.964522415	-0.076625087	-0.974760312	-2.056920053	-2.171724854	0.409516605	-1.271270792	3.308854894	-1.577930258	0.766832586	3.401786999	-0.04695062	3.291843872	3.867999815	0.852766786	-0.158859143	0.460060249	0.535671867	0.900063325	-0.961127513	1.310842934	0.368429768	1.593754959	-0.668309951	1.411934095	-1.166838596	0.387410215	1.411337395	-1.009977642	0.002637745	0.675353872	P
G112	0.293330614	0.656728815	0.150643885	1.109894528	0.271107056	0.326912642	-0.181413336	0.279032897	-0.491169638	-0.162410236	-0.733519939	0.369164171	0.347234824	-0.622914249	0.487585656	-0.188294055	1.242280321	0.598368454	-0.020284153	0.335938284	0.82280636	0.126991062	-0.231318344	0.85933682	-0.222155153	1.447661097	0.954200618	-0.650158894	-0.548777093	-0.272925058	-1.02857775	-0.079550191	-0.798010571	0.460959575	-0.855378362	1.360052574	0.229041923	-0.881438015	0.09223604	-0.155431216	0.022517569	-0.349500299	-0.548793654	-0.948241658	w
G117	0.360720326	-0.938351515	-0.442414959	-0.786435488	0.62290673	0.848007741	-0.304568661	-0.273360674	-0.425862287	-0.054148714	-0.480235218	-1.366998085	1.327361608	0.483615052	0.461449873	-0.279702707	-0.640144952	-1.012549015	-0.256918093	-0.576842177	3.917849015	-1.066634708	-0.393890771	3.896648652	0.282652275	2.570656463	2.388732401	-0.012962868	-0.591364832	-0.231931651	-0.304604505	0.559988098	-0.732823651	0.168325542	-0.655958158	0.988155756	-0.060826922	0.022721476	-1.643953301	-0.374524608	1.047117512	-0.642798758	-0.220817371	-0.132435926	w
G119	0.970082567	2.478660799	-0.161495071	-1.497228351	1.918334487	1.212103012	-0.871508064	-0.122616289	0.278490185	-0.159308721	-3.113897426	-0.963736396	1.370265071	1.508574783	-0.362996141	-0.599781551	-1.586113763	-1.534045415	0.59536491	-0.436239925	4.25668891	-1.124531721	0.427300235	3.903009882	-0.250899909	3.410240873	3.245624579	0.268400342	0.159321939	0.575066508	0.309499813	1.07035177	-1.159194801	0.260528274	-0.118461936	1.201509979	-0.832436275	-0.135241078	-2.190317832	0.077797003	0.763279349	0.156277378	0.553474336	1.078127714	P
G120	0.320008547	0.135606528	0.011597462	0.629799338	0.070487821	-0.275178515	0.401951754	0.773866059	-0.272020555	0.668495447	-0.707752205	-0.292719867	0.094800047	0.17366496	0.231170583	-0.351312817	0.062201823	-0.626794377	-1.420701747	0.044345557	2.98384341	-0.560677288	-0.517805372	2.941794652	0.00545403	2.060511279	0.723765802	-0.061237495	0.172773701	-0.41213592	-0.967314981	-0.106303002	-0.486002192	-0.212882264	-0.425863304	0.113399353	-0.224720545	-0.853956403	-0.781469707	-0.486276122	0.362046384	-0.032065916	-0.107936543	-0.443378529	w
G126	0.886110243	2.553760709	-2.344642979	-0.526850369	2.529902922	1.670762781	-0.836930178	-0.246195036	0.734292981	-0.580383753	-2.141026188	-0.564223354	2.310030813	1.283958346	0.243462414	-0.505164868	-1.862838659	-3.563528686	0.037290551	-1.026321801	4.032121228	-0.937457136	-0.186731229	3.932849373	-0.597352107	2.283277469	4.154983	0.533092162	0.713002876	0.298305905	0.798751165	1.709245619	-0.98828698	0.461446617	0.943749022	1.749652341	-1.971494789	0.089692497	-1.727565609	0.429974843	1.175860485	-0.618547185	0.770341096	1.376479221	P
G128	1.237374969	1.694687162	-2.467356343	-1.872876209	1.885905823	1.127202903	-0.587531013	-1.236800605	0.546283078	-0.801325353	-2.062538876	-0.384197692	0.798069764	0.84245208	0.074157846	-0.7756542	-1.131473193	-0.462433022	1.035013082	-0.892098193	3.006027978	-0.728787043	0.464666688	3.036868838	-0.752634781	2.950609532	1.882636122	0.276253569	0.535895743	0.856630423	0.068660524	1.662107136	-0.573081603	1.242594872	-0.34750772	1.240520553	-1.201091517	0.999299074	-0.723045042	0.393991985	0.404804582	-1.031119506	0.137093925	0.664873438	P
G130	0.698473242	1.001143878	-0.229650385	0.393346091	1.221870931	0.521532337	0.035811367	0.199881745	0.030042028	-0.113948525	-1.236248692	-0.362743474	0.672047755	0.501791155	0.183778564	-0.01193337	-0.95255072	-1.173738857	-1.094307085	-0.488010069	2.569009153	-0.110790563	0.091356752	2.509357886	0.006523967	1.831150683	1.516030913	-0.155312189	0.401347823	0.404501503	-1.246220535	0.349227792	-1.156128318	0.158653195	0.030941777	0.923930742	-0.445856116	-1.400229977	-0.461555426	-0.243015545	0.165558753	-0.040922782	0.09235921	0.196506053	w
G302	0.690732987	1.131102759	-0.705122266	-0.758457664	1.39931567	1.150993911	-0.561389335	-0.535313853	-0.075781449	0.046244571	-1.771038607	-0.049802553	0.985820207	1.307310256	0.275201873	-0.438074212	0.109286009	-1.067743777	0.052912861	-0.695885058	3.115984196	-0.697986603	-0.330385667	3.058726299	0.18147377	3.079431925	2.045120714	0.445473123	0.234459065	-0.15599251	-0.248546088	1.320597494	-0.329711422	0.233836934	-0.436234381	0.085580458	-0.014060874	1.300193411	-0.99193973	-0.262577314	0.529381443	0.064850374	-0.234929735	0.918413087	w
G304	0.96036364	0.781890511	-0.211777759	-0.665040971	1.371828067	0.808948031	-0.188867863	-0.2143087	-0.1399704	-0.058110012	-2.163681054	-0.450982114	0.419709345	0.69002675	0.385388021	-1.054269904	-0.135937965	-0.843465868	0.154737287	-0.75462459	3.868773331	-0.55907364	0.032609125	3.879577055	0.366427558	2.299215123	2.040196325	0.354964103	0.048476849	0.175053927	-0.667019126	0.974785052	-0.648224854	-0.114300445	0.000675914	-0.451819863	-0.703194672	-0.024545841	-1.135319722	0.176100021	0.437293859	0.327124575	0.385150514	-0.828869648	w
G305	0.664107466	0.104280115	0.300139174	-0.897420711	0.753299371	0.193349688	0.309100989	-0.216045898	0.330192431	-0.301418675	-0.336093209	0.787634361	0.259103532	-0.157993405	0.194519938	-0.392508328	-0.497908939	0.05965954	-0.073121038	-0.026207538	1.336469031	0.192193256	0.083476977	1.156471557	-0.302426328	1.357469994	1.202993526	0.194540627	-0.621616295	0.0845926	-0.614447565	-0.319129362	-0.474323601	-0.2532916	0.042842995	0.413768663	-0.032653112	0.285693272	0.433471632	-0.07798136	0.362275621	0.025640137	0.51087633	0.192193256	w
G306	0.175041492	-0.714740203	-0.521406136	0.21897299	0.321639513	0.104646398	0.469176751	-0.127095794	-0.078879364	0.019120459	-0.18290092	-0.853071078	0.454183856	-0.081283944	-0.183649257	-0.119662833	0.081156219	-0.828110191	0.025707366	-0.231015435	2.793597637	-0.235183095	-0.37183009	2.611681646	-0.006947232	1.686473787	1.08619185	-0.349042696	-1.158165413	-0.283884392	-1.222899294	-0.672768232	-0.298263402	0.311300334	-0.879167423	0.043980681	0.19418438	-0.606376949	-0.510893399	-0.415472449	0.253382741	0.419533172	-0.047842867	0.476983621	w
G311	0.774744476	1.468063751	-0.90934851	-1.308297888	1.632407282	0.962567841	-0.418239251	-0.638214731	0.586125153	-0.148503078	-0.657584503	-0.397437477	1.088769376	1.475601851	-0.004161151	-0.86410268	-1.65816747	-1.529261044	0.582041327	-0.985894932	2.833052241	-1.482478166	0.39825339	2.697555164	-0.362578152	2.798055334	3.597878776	-0.04855044	0.3469465	0.336239628	0.030075878	0.559677351	-0.885864769	0.230412733	0.073445541	0.703272724	0.191159236	0.821140449	-1.548557906	0.768618814	1.006564577	-1.610528536	0.216905417	0.662910934	P
G313	1.473413307	2.355943253	-1.596327022	-1.416364334	2.317917532	2.126833954	-0.95204918	-1.692126133	0.727419177	-0.750030116	-3.460066137	-0.646544429	2.57647572	2.506161991	-0.042716495	-1.042333576	-2.3314614	-1.701243465	0.800495011	-1.204907028	4.746134606	-1.160639928	0.324460797	4.50431265	-0.514107986	2.913313577	3.753191458	0.393859094	-0.119242829	0.878087853	1.036300238	2.129141787	-1.282054027	1.474890271	0.918241091	1.389526111	-1.618016313	1.179695981	-2.858938651	1.062914513	1.045412531	-1.454764107	0.991261697	1.582062834	P
G314	0.441953111	-0.2771742	-0.629811073	0.427811007	0.271305603	0.395752674	-0.115726779	-0.416119178	-0.02639002	-0.341486818	-0.697379285	0.214592416	0.075473588	-0.337171432	0.392756108	-0.181574514	0.373443771	0.642581226	-1.533312519	0.293213694	1.136860784	0.286519335	-0.38172083	1.277321713	-0.165025038	1.701785282	1.719608368	-0.481337549	-0.547893054	0.165643457	-1.62102616	-0.409331345	-0.512117265	0.379992135	-0.642696129	-0.143948285	0.68634047	-0.5769	0.126069488	-0.569230124	-0.346908714	-0.592306789	-0.289239588	-0.046530681	w
G315	0.91539652	2.015633929	0.643219767	-0.029404085	1.376072425	0.907388269	0.413600058	-0.550528187	0.304053471	-0.266885357	-0.986847216	-0.409559939	0.998521296	-0.231808977	-0.138694536	0.003376104	-1.346451823	-1.776682226	0.204692132	-0.390500551	3.310376845	-1.284351515	0.494121747	3.329584518	0.153681808	2.359947825	2.339676823	0.140616721	0.046457574	0.532056299	0.143678466	1.266044498	-0.488636026	0.117659105	0.430516421	1.462793453	0.009434515	1.204382347	-1.261674026	0.526948933	0.494250169	0.177627664	0.84350052	0.369924954	P
G322	0.922920489	2.326012299	-1.066131397	-1.994000092	1.710693201	1.336376108	-1.165912238	-0.61235497	0.929087837	-0.26589092	-2.047372735	-0.762251156	1.756015141	1.674440533	0.246513255	-1.013410138	-1.960477359	-1.23087448	0.465571555	-1.475917767	4.914452054	-1.699691354	-0.033295962	4.805415898	-0.853263385	3.638624754	3.131800173	0.515959494	0.016195313	0.371271381	0.308392962	1.162851735	-0.960056902	1.075580723	0.312330662	1.78311024	-0.735366601	0.948940885	-0.819011263	0.186615524	1.281559356	-1.919393909	0.62339424	0.947019357	P
G324	0.95435338	2.482958322	-1.27702614	-2.660914194	1.104536698	1.470003436	-1.297680297	-0.199591855	0.600064588	-0.265817599	-2.184499575	-0.71902705	2.683339977	2.646094747	-0.173243946	-1.780428865	-1.589278265	-2.602782318	0.411816528	-0.935572782	4.561712692	-1.748789847	-0.171669454	4.459433792	-0.987599526	3.337688668	3.186825031	0.725875057	0.240941047	0.355707981	-0.832928518	1.679796817	-1.2607063	1.000861966	0.64651115	1.032317992	-1.462583831	0.409578861	-2.310556379	0.007283235	1.263817645	-1.424843812	0.330902903	-0.279013906	P
G332	1.624637543	2.507658192	-2.125253982	-0.72215813	2.098138892	1.759536943	-0.422444179	-0.57678475	0.967855216	-0.723140557	-3.095140725	-1.974822537	1.689447657	2.991353173	-0.236677735	-1.03618821	-3.379464761	-3.883693438	0.473595684	-1.628173232	4.493211065	-1.806485558	0.064148808	4.412619604	-0.815002763	4.222447252	3.889733023	0.083753716	0.036382973	0.877188104	0.320068041	2.502709316	-1.07745147	1.325752653	0.523535697	1.239814126	-1.687888571	0.381348535	-1.401380381	0.24553404	1.07394148	-1.462574321	0.666188616	1.152178885	P
G336	1.53866222	1.908477902	-2.553609711	-1.530285725	1.743468264	1.185438879	-1.739597954	-1.22248017	1.147847551	-0.322531859	-3.954810053	0.158949808	2.439647587	0.797400427	1.185612445	-1.60968382	-2.086650926	-3.00629005	-1.219322965	-1.904721546	4.852499955	-2.791799696	0.088679778	4.818104423	-1.097106539	3.334433706	2.642771289	0.538117812	0.254809968	-0.146906013	-0.521472261	0.346483239	-1.189494281	1.389519655	0.884976884	1.639478214	-1.930184448	1.339961226	-2.102973089	-0.088394199	0.81348469	-2.529075636	1.408233659	1.570531859	P
G337	0.977553311	2.728694094	-0.88779672	-0.935151783	1.59780914	1.69151722	-0.497666062	-0.193164761	0.579949539	0.178538602	-1.94742268	0.102860915	1.185854928	1.565488092	0.262090724	-0.428942112	-2.507700022	-1.964234886	0.582992343	-0.945064812	3.994255343	-1.773439613	-0.095020849	3.811052754	0.043503215	3.218266581	4.36235204	-0.033008447	0.622643157	0.487961964	-0.5989733	0.97470379	-1.008918833	1.127037432	0.595270814	0.558978371	-1.053507162	0.415683265	-1.243943525	0.343148644	0.826077695	-1.125085435	0.653684502	0.56957494	w
G347	0.480590037	2.109354752	-0.140621742	-0.839226123	0.625536786	0.844566263	-0.742544187	-0.735451865	0.42496315	-0.59261699	-2.243550471	-1.604488777	1.547174537	0.726434668	-0.051641036	-1.087685791	-2.531366569	-2.380149064	0.446888456	-0.865901307	3.875817742	-1.230531724	-0.938799218	3.852203321	0.778991657	3.054274049	2.056875154	1.07685883	-0.370146102	0.365257561	-0.264921332	0.158490288	-0.590148623	0.248215676	0.704505673	-0.013479955	-0.144767822	-0.719573023	-1.699445801	-0.136986872	0.942792369	-0.978867678	0.283464611	0.543355049	P
G358	0.543878112	0.888613912	-0.475081914	-0.596194594	1.085288852	0.803266956	-0.433476313	-0.369529838	1.177890616	-0.482238009	-1.684158812	0.610953126	0.901926919	0.363935209	0.536140474	-0.607940657	-1.026555327	-0.496026563	0.085974167	-0.447533885	2.536345755	-0.85860488	0.039358634	2.534619332	-0.420411647	2.191618153	1.320096349	0.222165179	-0.615640663	0.744515806	-0.269068344	0.689455797	-0.442415246	0.633981813	-0.212643839	1.451256164	0.136262516	0.05139977	-0.352516907	0.174794186	-0.307555211	-0.465475814	0.930217029	-0.263777671	w
